0 75
0 86
0 144
0 291
1 111
1 131
1 163
1 227
1 318
2 20
2 56
2 121
2 401
3 120
3 138
3 166
3 281
3 313
3 439
4 14
4 29
4 114
4 169
4 280
4 370
4 378
5 10
5 94
5 100
5 375
5 404
5 406
6 49
6 57
6 85
6 265
6 285
6 463
7 69
7 71
7 135
7 459
7 484
8 104
8 119
8 156
9 449
9 470
10 94
10 100
10 125
10 375
10 404
10 406
11 107
11 178
11 207
11 246
11 346
11 377
11 444
12 65
12 276
12 278
12 358
12 407
12 472
13 106
13 396
13 448
13 464
14 87
14 114
14 169
14 177
16 141
16 261
17 6
17 49
17 85
17 347
18 136
18 177
18 298
18 455
19 91
19 138
19 162
19 268
19 316
19 326
19 338
19 359
19 363
19 384
19 410
20 217
20 401
21 336
21 427
22 92
22 133
22 237
23 192
23 204
23 212
23 215
23 317
23 351
23 456
23 460
24 79
24 434
25 59
25 389
25 433
25 468
26 112
26 419
27 229
27 333
28 195
29 280
29 378
29 427
29 440
30 153
30 208
30 347
30 438
31 58
31 308
31 312
31 400
32 65
32 104
32 113
32 125
32 127
32 186
32 254
32 386
32 404
32 462
33 98
33 220
33 241
33 277
33 365
33 383
33 423
34 188
34 194
34 244
34 397
34 421
34 480
35 145
35 173
36 61
36 69
36 262
36 459
36 493
36 495
37 282
37 283
37 315
38 67
38 235
40 62
40 164
40 341
40 494
40 496
41 51
41 108
41 143
41 175
41 335
41 432
41 445
42 44
42 48
42 279
42 294
42 473
43 99
43 159
43 198
43 387
43 413
43 417
43 424
44 48
44 168
44 279
44 294
44 473
45 90
45 105
45 194
45 226
45 350
45 393
45 416
46 102
46 155
46 431
47 132
47 246
47 441
47 465
48 103
48 279
48 294
48 473
49 57
49 85
49 285
49 463
50 95
50 159
50 292
50 353
50 413
51 108
51 143
51 175
51 327
51 432
51 445
51 487
52 73
52 171
52 306
52 362
52 367
52 408
52 498
53 66
53 98
53 110
53 196
53 412
53 458
54 119
54 184
55 72
55 251
55 361
56 121
56 172
56 176
56 193
56 401
57 17
57 85
57 265
57 463
58 225
58 321
58 461
59 389
59 433
59 468
60 272
61 255
61 262
61 459
62 234
62 341
62 398
62 496
63 329
63 420
63 452
64 83
64 88
64 315
65 104
65 113
65 127
65 186
65 254
65 358
65 386
65 407
65 462
66 68
66 98
66 110
66 154
66 196
66 253
66 334
66 412
66 458
67 22
67 211
67 235
67 344
68 196
68 412
68 458
69 61
69 135
69 161
69 255
69 459
69 484
70 127
70 386
70 405
70 422
71 443
71 484
72 204
72 251
72 361
72 402
72 478
72 488
73 171
73 362
74 149
74 219
74 273
74 392
75 86
75 252
75 291
76 174
76 486
77 182
77 399
77 441
77 465
77 491
78 146
78 210
78 325
80 160
80 176
80 369
81 267
82 179
82 457
83 88
84 141
84 167
85 347
86 226
86 252
86 291
86 397
87 114
87 177
88 202
88 481
89 250
89 398
90 105
90 156
90 350
90 393
90 416
91 162
91 268
91 326
91 338
91 359
91 363
91 384
91 410
92 237
92 242
92 331
93 337
93 499
94 201
94 311
94 440
94 446
95 99
95 126
95 159
95 180
95 181
95 292
95 353
95 413
96 109
96 259
96 274
96 479
97 274
97 349
97 479
98 110
98 365
98 412
99 126
99 150
99 159
99 198
99 353
99 413
99 417
99 424
100 375
100 416
101 148
101 199
101 293
101 373
102 108
102 155
102 223
102 340
102 431
102 454
103 78
103 279
103 325
104 113
104 186
104 254
104 358
104 386
104 462
105 119
105 156
105 393
106 116
106 448
106 456
106 464
107 51
107 165
107 327
107 444
107 475
107 487
108 175
108 431
108 432
109 259
109 275
109 479
110 135
110 196
110 255
110 412
111 131
111 158
111 163
111 227
111 318
112 3
112 281
112 350
112 419
113 12
113 70
113 127
113 186
113 254
113 358
113 386
114 169
115 144
115 201
115 319
115 446
116 293
117 195
117 388
118 218
118 297
119 156
119 184
120 140
120 166
120 214
120 281
120 313
120 439
121 80
121 176
121 193
121 247
122 165
123 307
123 436
123 478
124 140
124 250
124 360
124 374
124 391
124 447
125 254
125 375
125 404
126 43
126 159
126 180
126 181
126 228
126 292
126 353
126 413
127 186
127 254
127 386
127 405
127 485
128 288
128 344
128 498
129 11
129 47
129 77
129 182
129 246
129 328
129 441
130 305
131 163
131 227
131 245
132 376
133 237
133 322
133 409
135 161
135 255
135 459
135 484
136 177
136 290
137 450
138 162
138 166
138 184
138 268
138 316
138 326
138 338
138 410
138 439
139 142
139 239
139 395
140 214
140 374
140 447
141 261
142 239
142 302
142 395
143 175
143 432
143 445
144 201
144 291
144 319
144 446
145 173
145 213
146 210
146 325
147 269
147 300
147 380
147 415
147 435
148 50
148 293
148 373
149 219
149 271
149 273
149 392
150 147
150 229
150 269
150 300
150 417
150 435
150 474
151 187
151 304
152 190
152 203
152 270
152 403
152 470
153 208
153 285
153 347
153 372
153 438
154 196
154 249
154 253
154 323
154 334
155 454
156 416
157 389
158 243
158 256
159 180
159 181
159 292
159 353
159 413
160 369
161 110
161 255
161 459
162 268
162 316
162 326
162 338
162 359
162 384
162 410
163 206
163 227
163 318
164 234
164 341
164 421
164 494
164 496
165 487
166 214
166 281
166 313
166 316
166 426
166 439
167 141
168 17
168 294
169 87
169 378
170 339
171 205
171 306
171 408
171 498
172 20
172 121
172 401
173 213
174 324
174 429
174 486
175 327
175 432
175 445
176 193
176 247
177 298
178 207
178 246
178 314
178 346
178 377
178 444
178 475
179 457
180 99
180 181
180 228
180 292
180 413
180 417
181 50
181 99
181 228
181 292
181 413
182 328
182 399
182 441
182 491
183 130
183 236
183 343
183 345
183 482
184 268
184 326
184 439
185 488
186 254
186 358
187 304
187 330
188 194
188 234
188 419
188 421
189 22
189 92
189 102
189 223
189 237
189 331
189 454
190 403
190 470
191 81
191 267
191 332
191 390
191 489
192 106
192 212
192 240
192 411
192 448
192 456
193 80
193 247
194 350
194 393
194 397
194 419
194 421
194 480
196 334
196 412
196 458
197 295
197 339
197 342
197 399
198 150
198 229
198 387
198 417
198 424
198 435
198 474
199 293
199 479
200 290
201 319
201 446
202 362
202 403
202 481
203 270
203 403
204 251
204 317
204 402
204 488
205 303
205 306
206 111
206 303
206 354
207 246
207 314
207 346
207 377
207 444
207 475
208 347
208 372
209 260
209 376
210 325
210 348
211 38
211 288
211 344
212 240
212 317
212 351
212 428
212 460
214 281
214 313
214 374
215 212
215 317
215 351
215 428
215 460
216 263
216 379
216 394
216 453
216 492
217 401
218 224
218 245
218 297
219 273
219 392
220 277
220 383
220 493
220 495
221 457
222 200
223 92
223 155
223 454
224 297
225 289
225 321
225 461
225 467
226 252
226 397
227 206
227 318
228 95
228 130
228 396
229 147
229 300
229 435
229 474
230 256
230 286
230 368
230 425
230 466
231 232
231 371
231 429
232 371
232 429
233 430
234 194
234 341
234 421
234 496
236 320
236 343
236 482
237 223
237 331
238 267
238 452
240 349
240 411
241 98
241 277
241 365
241 423
242 331
243 205
243 256
244 75
244 226
244 397
244 480
245 1
245 297
246 314
246 346
246 377
247 56
248 284
248 427
248 471
249 323
250 360
250 382
251 361
251 402
251 478
252 244
252 291
253 196
253 334
253 387
254 358
254 375
254 386
254 404
254 462
255 220
255 459
257 164
257 357
257 421
257 480
258 133
258 322
258 381
258 409
259 418
259 479
260 132
260 376
260 395
261 84
263 379
263 394
263 492
264 329
264 385
264 388
264 414
264 420
264 452
265 463
266 286
266 335
266 368
267 390
268 316
268 326
268 338
268 359
268 363
268 384
268 410
269 300
269 380
269 415
269 474
271 28
272 431
273 301
273 392
274 275
274 449
275 449
275 470
276 93
276 337
276 407
276 472
277 383
277 495
278 469
278 472
278 485
279 325
279 473
280 311
280 370
280 378
281 313
282 283
282 356
283 84
283 167
284 21
284 336
284 427
284 471
285 265
285 451
285 463
286 368
286 466
288 67
288 344
288 381
289 58
289 461
289 467
290 14
292 99
292 353
293 373
294 103
294 279
294 473
295 499
296 308
296 391
296 400
297 131
298 87
300 417
300 435
300 474
302 260
302 395
303 354
306 498
307 436
308 312
308 360
308 391
308 400
309 366
309 450
310 39
311 10
311 125
311 440
311 446
312 124
312 360
312 391
312 400
313 140
313 374
313 439
314 11
314 132
314 346
314 377
314 444
314 463
314 475
315 481
316 326
316 338
316 359
316 410
317 351
317 428
317 460
318 131
319 311
319 446
320 183
320 343
321 31
321 289
322 409
322 425
323 334
325 348
326 338
326 363
326 384
326 410
327 108
327 364
327 444
327 475
327 487
328 399
329 385
329 388
329 414
329 420
329 452
330 46
330 355
331 223
331 454
332 476
332 489
333 229
333 380
335 230
335 286
335 368
336 248
336 427
336 471
338 166
338 359
338 384
338 410
339 342
340 108
340 133
341 494
345 415
345 482
346 377
346 444
346 475
347 372
348 18
348 78
348 455
349 411
350 105
350 188
350 393
351 428
351 456
351 460
352 27
352 387
353 180
353 413
353 424
354 111
354 205
354 227
354 318
355 217
357 341
357 421
357 480
358 32
358 386
358 462
359 326
359 363
359 384
359 410
360 31
360 391
360 400
360 447
361 402
362 9
362 498
363 93
363 384
363 410
364 60
364 108
364 175
364 451
364 475
365 53
365 423
367 128
367 408
367 498
368 466
369 176
370 378
370 422
371 203
371 429
372 438
374 447
375 404
378 114
379 394
380 27
381 322
382 89
382 124
382 398
382 447
383 241
383 493
383 495
384 138
384 316
384 410
385 388
385 414
385 420
385 452
386 186
386 404
386 405
386 422
386 485
387 249
387 424
388 414
389 433
389 468
390 81
391 400
392 430
393 112
393 226
393 419
394 492
396 185
396 464
397 357
397 480
399 491
401 121
402 478
402 488
403 9
403 470
405 370
405 422
406 100
406 226
406 252
407 278
407 472
408 288
408 498
409 237
409 425
411 97
412 334
412 365
412 423
412 458
413 424
414 420
414 452
415 300
416 5
416 406
417 147
417 229
417 353
417 413
417 435
417 474
418 199
418 450
420 238
420 388
420 452
421 341
421 480
422 127
423 98
423 277
424 417
425 41
425 258
426 316
427 471
428 437
428 460
429 76
431 155
432 445
432 487
433 157
434 79
434 167
435 474
437 224
439 281
440 280
441 491
442 25
442 59
442 468
443 484
444 451
444 475
445 335
446 440
447 250
448 116
448 456
448 464
451 463
451 475
453 170
453 307
453 492
455 290
456 464
457 482
459 484
462 186
463 85
465 246
465 469
465 491
466 266
466 335
467 58
467 321
467 483
469 209
469 376
469 485
472 65
473 103
474 147
475 377
476 483
478 204
478 361
480 188
485 113
487 122
487 143
488 23
488 55
488 456
491 129
493 255
493 495
494 496
495 98
496 341
498 288
499 197
