0 144
0 291
0 652
0 679
0 877
0 974
1 111
1 131
1 163
1 227
1 318
1 538
1 559
1 563
1 899
2 20
3 120
3 166
3 281
3 439
4 114
4 169
4 378
4 747
4 835
4 922
5 10
5 100
5 375
5 406
5 545
5 665
5 667
5 707
6 49
6 57
6 85
6 784
7 69
7 71
7 459
7 484
7 543
7 546
7 640
7 695
7 913
7 920
8 100
8 119
8 156
8 575
8 841
9 750
10 375
10 545
10 623
10 665
10 667
10 707
11 178
11 207
11 246
11 346
11 377
11 560
11 628
11 883
11 933
12 276
12 407
12 472
12 596
12 649
13 396
13 448
13 464
13 673
13 687
13 992
14 87
14 114
14 169
14 759
14 768
14 835
15 882
15 940
16 141
16 261
16 534
16 905
16 959
16 961
16 977
17 49
17 85
17 168
17 619
17 647
18 136
18 177
18 298
18 629
18 729
18 745
19 162
19 268
19 316
19 326
19 338
19 359
19 384
19 410
19 840
19 889
20 217
20 401
20 530
20 600
20 954
21 284
21 336
21 427
21 508
21 808
21 823
21 849
22 92
22 133
22 237
22 793
22 881
23 317
23 537
23 584
23 917
24 79
24 900
25 59
25 389
25 433
25 468
25 502
25 548
25 599
25 633
25 738
25 878
26 419
26 645
26 764
26 851
26 860
27 333
27 380
27 694
28 195
28 533
28 576
28 639
29 280
29 440
29 587
29 747
29 922
30 208
30 347
31 312
31 400
31 794
31 834
31 962
32 104
32 186
32 254
32 404
32 526
32 545
32 713
32 895
33 241
33 277
33 365
33 383
33 641
33 915
34 188
34 194
34 397
34 480
34 547
35 145
35 629
35 936
36 61
36 262
36 493
36 539
36 590
36 681
36 761
36 913
37 282
37 283
37 907
38 67
38 235
38 534
38 680
38 749
38 905
39 692
39 848
39 991
40 62
40 164
40 341
40 494
40 496
40 661
41 51
41 143
41 175
41 432
41 445
41 670
41 951
42 44
42 48
42 294
42 473
42 561
42 630
42 650
42 783
42 937
43 99
43 198
43 353
43 417
43 424
44 48
44 279
44 294
44 561
44 630
44 783
45 90
45 105
45 350
45 393
45 522
45 616
45 625
45 669
45 932
45 958
46 155
46 601
46 610
46 822
46 896
47 560
47 628
47 698
47 710
47 716
47 789
48 279
48 294
48 473
48 561
48 630
48 650
48 783
48 937
49 85
49 619
49 647
50 95
50 159
50 292
51 108
51 143
51 175
51 432
51 445
51 487
51 929
51 930
51 951
52 73
52 171
52 362
52 367
52 408
52 498
52 503
52 898
53 66
53 110
53 196
53 365
53 412
53 458
53 641
53 770
53 952
54 119
54 184
54 775
54 780
54 828
54 987
55 72
55 361
55 742
56 121
56 176
56 193
56 683
57 49
57 85
57 265
57 784
57 988
58 225
58 289
58 321
58 644
58 794
59 389
59 468
59 502
59 548
59 599
59 633
59 878
60 272
60 787
60 923
61 7
61 459
61 539
61 546
61 590
61 681
61 866
61 912
61 913
62 234
62 398
62 496
62 684
62 859
63 329
63 517
63 527
63 528
63 815
63 985
64 83
64 607
65 12
65 104
65 113
65 186
65 358
65 649
66 68
66 196
66 334
66 412
66 458
66 952
67 211
67 344
67 680
67 749
67 793
68 412
68 458
68 952
69 36
69 61
69 135
69 161
69 459
69 484
69 546
69 590
69 681
69 695
69 913
69 920
70 127
70 386
70 405
70 422
70 526
70 573
70 727
70 824
71 484
71 543
71 640
71 802
71 839
71 920
72 204
72 251
72 402
72 478
72 488
72 742
73 362
73 949
74 149
74 219
74 273
74 392
74 605
74 648
74 705
74 832
75 86
75 291
75 857
75 877
75 926
76 486
76 792
76 833
76 880
76 911
77 441
77 465
77 491
77 571
77 888
77 969
78 146
78 210
78 518
78 950
79 574
79 606
79 900
80 160
80 176
80 369
80 554
80 753
80 782
80 906
81 267
81 501
81 653
81 815
82 179
82 457
82 550
82 816
82 916
82 995
83 607
83 868
84 141
84 167
84 622
84 671
84 726
84 894
85 619
85 647
86 252
86 291
86 652
86 857
86 877
86 926
87 177
87 615
87 768
88 83
88 202
88 481
88 607
88 668
88 703
88 868
89 250
89 730
89 817
89 819
90 105
90 350
90 393
90 715
90 805
90 932
90 958
91 19
91 268
91 326
91 338
91 363
91 384
91 410
91 840
91 889
91 904
92 237
92 331
92 721
92 797
92 881
92 891
93 337
93 512
94 201
94 446
94 623
94 707
95 126
95 159
95 181
95 292
96 109
96 259
96 275
96 479
96 901
97 349
97 621
97 806
98 53
98 110
98 365
98 412
98 641
98 770
99 126
99 159
99 353
99 413
99 740
100 10
100 375
100 545
100 665
100 667
101 148
101 199
101 293
101 523
101 736
102 431
102 454
102 509
102 737
103 325
103 473
103 518
103 630
103 858
103 864
103 937
104 186
104 254
104 462
104 594
105 156
105 350
105 715
105 925
105 932
106 116
106 448
106 456
106 464
106 673
106 924
107 327
107 475
107 921
107 929
107 933
108 175
108 595
108 787
109 259
109 275
109 479
109 901
110 161
110 770
110 772
111 131
111 227
111 318
111 538
111 559
111 563
111 814
111 855
112 26
112 194
112 419
112 764
112 860
112 925
112 998
113 70
113 104
113 254
113 358
113 386
113 573
114 169
114 835
115 0
115 144
115 201
115 319
115 446
115 514
115 564
115 679
115 874
115 974
116 673
116 741
116 924
117 195
117 388
117 634
118 218
118 583
118 758
119 156
119 775
119 841
119 987
120 166
120 281
120 313
120 439
121 2
121 193
121 247
121 751
122 165
122 520
122 643
122 646
122 957
123 436
123 981
124 250
124 360
124 374
124 382
124 447
124 572
124 819
124 856
125 375
125 404
125 525
125 598
125 713
125 895
126 159
126 180
126 181
126 413
126 740
126 785
126 966
127 113
127 386
127 405
127 573
127 824
128 288
128 367
128 593
128 656
128 961
129 11
129 246
129 441
129 560
129 799
129 803
129 870
129 883
129 919
129 976
130 305
130 515
130 558
130 581
130 767
130 955
131 163
131 245
131 557
131 559
131 814
132 698
132 710
132 716
133 237
133 258
133 322
133 409
133 513
133 935
134 752
135 161
135 484
135 546
135 591
135 658
135 695
135 920
136 290
136 729
136 745
137 450
137 609
137 802
137 818
137 839
138 162
138 184
138 326
138 439
138 780
139 142
139 239
139 553
139 678
139 696
139 795
139 858
139 867
139 909
139 990
140 124
140 374
140 447
140 856
141 261
141 622
141 977
142 302
142 395
142 565
142 696
142 909
143 175
143 432
143 445
143 487
143 670
143 951
144 201
144 319
144 564
144 652
144 679
144 974
145 173
145 213
145 578
145 936
146 325
146 348
146 663
146 950
146 980
147 150
147 269
147 300
147 415
147 435
147 682
147 955
148 293
148 373
148 804
148 886
149 562
149 605
149 765
150 229
150 300
150 417
150 435
150 474
150 682
150 762
151 187
151 304
151 996
152 190
152 403
152 470
152 505
152 602
152 651
152 790
153 372
153 438
153 941
154 253
154 323
154 334
154 551
154 772
154 852
154 970
154 978
155 431
155 601
155 822
155 896
156 416
156 715
156 748
156 805
156 841
157 433
157 532
157 633
157 878
157 931
158 507
158 538
158 563
158 739
158 814
158 844
158 855
158 903
158 986
159 181
159 292
159 353
159 413
160 369
160 554
160 753
160 782
160 820
160 906
161 255
161 459
161 591
161 681
162 184
162 268
162 316
162 326
162 338
162 363
162 384
162 410
162 780
162 889
163 111
163 227
163 318
163 354
163 536
163 635
163 697
163 939
164 341
164 421
164 496
164 661
165 646
165 732
165 957
166 281
166 313
166 439
167 434
167 622
167 671
167 726
169 580
169 759
169 766
169 835
169 922
170 453
170 585
171 73
171 306
172 683
173 213
173 578
174 76
174 324
174 486
174 662
174 690
174 792
174 833
174 911
175 432
175 595
175 930
175 951
176 121
176 193
176 247
176 369
176 642
176 751
176 753
176 782
176 820
177 298
177 615
177 729
177 768
178 207
178 314
178 346
178 377
178 444
178 628
178 830
178 883
179 457
180 95
180 181
180 228
180 558
180 740
180 767
180 785
180 902
181 292
181 353
181 413
181 740
181 785
181 966
182 129
182 328
182 520
182 689
182 803
182 861
182 870
182 919
182 976
183 236
183 343
183 345
183 482
183 515
183 569
183 945
184 780
185 488
185 687
186 113
186 254
186 386
186 526
186 573
186 649
186 713
187 304
187 544
187 773
187 996
188 194
188 234
188 963
189 92
189 223
189 331
189 454
189 513
189 797
189 881
189 994
190 403
190 470
190 505
190 602
190 651
191 489
191 511
191 636
191 892
192 212
192 240
192 829
193 247
193 751
193 984
194 393
194 645
195 576
195 672
195 879
196 68
196 412
196 458
196 551
196 772
197 728
197 776
197 821
198 387
198 424
198 435
198 474
199 523
199 691
201 319
201 446
201 514
202 481
202 668
202 703
202 868
202 949
203 152
203 270
203 602
203 624
203 686
203 790
204 478
204 488
204 708
205 306
205 750
205 777
206 227
206 303
206 318
206 354
206 536
206 697
206 777
206 827
206 939
207 314
207 346
207 377
207 444
207 475
207 628
207 830
208 347
208 438
209 260
209 376
209 781
209 897
209 971
210 136
210 290
210 348
210 455
210 663
210 745
210 950
211 288
211 344
211 680
211 749
212 351
212 428
212 460
212 779
212 829
213 578
214 120
214 140
214 281
214 313
214 374
215 317
215 351
215 460
215 779
215 842
215 917
215 981
216 263
216 394
216 492
216 620
216 904
217 401
217 530
217 600
217 954
218 224
218 297
218 557
218 627
218 758
219 273
219 392
219 605
219 832
219 834
220 33
220 383
220 493
220 495
221 457
221 550
221 685
222 845
222 885
222 990
223 454
223 754
223 994
224 579
224 627
224 884
225 289
225 321
225 644
225 743
225 794
225 843
226 252
226 416
226 522
226 586
226 625
226 669
226 786
226 805
226 958
226 983
227 131
227 318
227 354
227 697
227 777
227 939
228 558
228 588
228 785
228 902
229 147
229 300
229 417
229 435
229 474
230 286
230 425
230 466
230 500
230 837
230 844
230 903
231 232
231 371
231 429
231 542
231 719
231 979
232 371
232 429
232 542
232 719
232 979
233 638
233 927
233 973
234 645
234 826
234 963
235 534
235 680
236 320
236 343
236 810
237 189
237 513
237 793
237 797
237 881
238 81
238 501
238 653
239 553
239 696
239 795
239 867
239 909
239 990
240 411
240 734
240 829
241 365
241 423
241 641
241 693
241 915
242 331
242 836
243 256
243 507
243 549
243 739
244 34
244 397
244 547
244 586
244 857
244 873
245 297
245 557
245 627
245 809
246 47
246 207
246 346
246 377
246 560
246 628
246 710
246 716
246 789
246 883
247 751
247 753
247 782
247 820
248 427
248 471
248 567
248 808
248 823
248 849
248 946
249 323
249 711
249 744
250 360
250 730
250 817
250 819
251 55
251 361
251 402
251 478
251 742
251 812
252 786
252 857
252 983
253 334
253 551
253 852
253 970
253 978
254 404
254 526
254 545
254 573
254 575
254 713
254 895
255 69
255 220
255 459
255 590
255 591
255 681
256 158
256 230
256 549
256 755
256 844
256 986
257 357
257 421
257 480
257 597
257 611
257 714
258 322
258 381
258 409
258 613
258 723
258 755
258 935
259 479
259 542
259 901
260 781
260 971
261 905
261 959
261 961
261 977
262 61
262 539
262 590
262 761
263 394
263 492
263 904
263 908
264 385
264 388
264 414
264 420
264 452
264 527
264 528
264 603
264 800
264 943
265 463
265 784
265 988
266 335
266 368
266 521
266 589
266 643
266 732
266 771
266 811
267 390
267 501
267 653
267 816
268 326
268 338
268 359
268 363
268 384
268 410
268 780
268 840
268 889
269 415
269 872
269 955
270 624
270 686
270 790
271 765
272 610
273 392
273 605
273 648
273 722
273 832
274 275
274 449
274 806
275 449
275 806
276 407
276 472
276 596
277 241
277 383
277 915
278 407
278 469
278 472
278 914
278 967
279 103
279 325
279 630
279 864
280 4
280 370
280 378
280 587
280 766
280 922
281 313
281 764
282 283
282 907
283 671
284 248
284 336
284 427
284 471
284 718
284 823
284 849
284 928
285 49
285 451
285 463
285 941
285 944
286 466
286 500
286 837
286 844
286 903
287 604
287 655
287 664
288 344
288 381
288 613
289 321
289 467
289 582
289 743
289 801
289 843
289 850
289 854
290 200
291 877
292 126
292 353
293 373
293 673
293 804
293 886
294 473
294 561
294 650
294 783
294 937
295 197
295 499
295 612
295 728
295 776
295 821
296 308
296 540
296 577
296 997
297 557
297 579
297 627
297 758
298 629
298 729
299 556
299 769
299 866
299 912
300 269
300 417
300 435
300 474
300 682
300 762
300 955
301 738
301 938
301 964
302 395
302 565
302 696
303 354
303 777
305 228
305 515
305 558
305 588
305 767
305 902
307 436
307 453
307 620
308 391
308 400
308 540
308 577
308 982
309 570
309 818
310 516
310 674
310 760
310 846
310 848
310 865
310 910
311 94
311 125
311 440
311 525
311 587
312 360
312 391
312 400
312 982
313 3
314 346
314 377
314 628
314 830
315 481
315 702
315 907
316 138
316 166
316 268
316 326
316 338
316 359
316 410
316 426
316 889
317 351
317 460
317 584
317 708
317 779
317 917
317 981
318 559
318 697
318 899
318 939
319 94
319 446
319 514
319 874
320 343
320 945
321 794
321 854
321 962
322 409
322 935
323 658
323 744
323 813
324 662
324 690
324 792
324 833
324 911
325 78
325 518
325 864
325 950
325 980
326 338
326 384
326 410
326 780
326 889
327 929
327 930
327 951
328 520
328 689
328 803
328 861
328 870
328 919
328 976
329 385
329 414
329 420
329 452
329 517
329 527
329 528
329 603
330 355
330 773
330 869
330 960
330 996
331 223
331 721
331 797
331 891
332 489
332 506
332 510
332 968
333 694
334 196
334 551
334 852
334 970
334 978
335 466
335 732
335 771
335 837
336 248
336 427
336 471
336 508
336 567
336 823
336 849
338 138
338 359
338 384
338 410
338 840
338 889
339 342
339 637
339 758
339 942
340 189
340 754
340 791
341 494
341 496
341 597
341 661
342 637
342 942
343 810
344 534
344 680
344 749
345 482
345 569
346 377
346 883
348 455
348 663
348 745
348 807
348 950
349 411
349 621
349 734
349 735
350 194
350 393
350 522
350 860
350 932
350 958
351 23
351 428
351 460
351 584
351 779
351 842
352 387
352 724
353 50
353 126
353 413
353 740
354 318
354 697
354 777
355 592
355 869
355 960
355 996
357 421
357 480
357 597
357 611
357 714
358 12
358 104
358 186
358 386
358 649
359 91
359 162
359 326
359 384
359 410
359 840
359 889
360 982
361 72
361 659
361 742
361 812
362 171
363 326
363 384
363 512
363 904
364 756
364 921
365 423
365 641
365 693
365 915
366 556
366 614
366 640
366 975
367 408
367 498
367 593
367 656
367 898
368 335
368 466
368 521
368 583
368 589
368 771
368 811
368 837
369 554
369 631
369 753
369 782
369 906
370 4
370 378
370 766
371 429
371 719
372 438
372 706
372 941
372 972
373 101
373 736
373 804
373 886
374 856
375 254
375 404
375 545
375 665
375 667
375 713
376 519
376 781
376 897
376 914
377 628
377 789
377 883
378 169
378 580
378 766
378 825
378 835
378 922
379 216
379 394
379 965
380 694
381 613
381 723
381 755
382 447
382 572
382 819
382 851
382 856
382 953
383 495
383 915
384 410
384 840
384 889
385 420
385 452
385 603
385 800
386 405
386 422
386 573
386 727
386 824
387 711
388 385
388 414
388 527
388 634
388 800
388 943
389 433
389 468
389 502
389 532
389 548
389 599
389 738
390 81
390 816
390 875
390 995
391 31
391 360
391 400
391 540
391 982
392 149
392 605
392 648
392 832
393 522
393 669
393 958
394 492
394 908
395 565
395 696
395 909
396 228
396 464
396 687
396 992
397 547
397 625
397 669
397 786
397 857
397 873
398 89
398 572
399 182
399 491
399 689
399 728
399 870
399 976
400 296
400 360
400 540
400 962
400 982
401 172
402 204
402 361
402 478
402 742
403 470
403 602
403 651
404 526
404 545
404 713
404 727
404 824
404 895
405 422
405 725
405 727
405 824
405 918
406 100
406 667
406 707
407 472
407 596
407 649
408 498
408 503
408 593
408 656
408 898
409 723
409 935
410 138
410 840
410 889
411 734
411 735
412 110
412 458
412 641
412 770
412 952
413 740
413 966
414 527
414 528
414 603
414 943
415 345
415 872
416 616
416 748
416 805
416 932
417 99
417 413
417 435
417 474
417 682
417 740
417 762
417 767
417 966
418 523
418 691
418 979
419 645
419 764
419 826
419 860
419 963
419 998
420 414
420 452
420 527
420 603
421 188
421 480
421 597
421 611
422 573
422 598
422 824
423 98
423 641
423 693
424 99
425 500
426 504
427 471
427 508
427 567
427 747
427 808
427 823
427 849
428 215
428 437
428 842
429 486
429 662
430 632
430 638
430 648
430 677
430 722
430 927
430 973
431 509
431 601
431 737
431 787
432 445
432 670
432 791
432 951
433 59
433 532
433 548
433 701
433 738
433 878
433 993
434 676
434 726
434 894
434 900
435 474
435 762
436 712
437 635
437 796
437 884
438 706
438 923
438 972
439 531
440 525
440 587
440 874
441 47
441 182
441 465
441 491
441 571
441 698
441 803
441 870
441 919
441 969
441 976
442 633
443 484
443 695
443 757
444 346
444 475
444 756
444 921
445 487
445 670
445 951
446 514
446 623
447 250
447 374
447 572
447 819
447 856
447 953
448 673
448 924
449 827
450 309
450 609
450 818
450 839
451 756
451 921
451 944
452 414
452 527
452 603
453 216
453 620
453 908
454 431
454 509
454 737
454 994
455 18
455 663
455 720
455 745
455 807
456 192
456 448
456 537
456 584
457 685
458 693
458 952
459 135
459 484
459 543
459 546
459 591
459 695
459 920
460 428
460 584
460 779
460 842
461 58
461 524
461 541
461 644
461 778
462 65
462 575
462 594
462 649
462 700
463 830
463 944
464 448
464 687
465 47
465 698
465 731
465 967
466 266
466 589
466 771
466 837
466 903
467 225
467 555
467 582
467 660
467 675
467 746
467 801
467 843
467 850
467 854
468 433
468 502
468 548
468 738
469 485
469 731
469 897
469 914
469 967
470 505
470 602
470 651
471 567
471 808
471 823
471 849
471 946
472 596
473 44
473 561
473 630
473 650
473 783
473 864
473 937
475 346
475 756
475 921
476 483
476 510
476 555
476 626
476 688
476 692
476 948
477 733
477 890
478 742
479 691
479 901
480 244
480 397
480 547
481 668
481 702
481 868
482 569
482 685
483 555
483 626
483 660
483 688
483 692
483 801
483 999
484 543
484 546
484 640
484 695
484 920
485 278
485 914
486 614
486 833
486 880
486 911
487 432
487 929
487 951
487 957
489 511
489 636
490 788
491 571
491 870
491 947
491 969
492 453
492 904
492 908
493 383
493 495
493 590
493 761
494 164
494 496
494 661
494 684
494 859
495 33
496 684
496 859
498 503
498 656
498 898
499 612
499 618
499 728
499 776
501 653
502 301
502 548
502 599
503 774
504 709
504 760
505 602
505 651
506 476
506 510
506 555
506 688
506 763
507 549
507 563
507 739
507 986
508 29
508 284
508 587
508 747
508 823
508 849
509 737
509 754
510 555
510 688
510 968
511 636
512 91
512 337
512 618
512 904
513 223
513 754
513 881
514 874
515 581
515 945
516 760
516 838
516 846
516 848
516 865
516 910
516 934
516 997
517 527
517 528
517 778
517 815
517 985
518 630
518 678
518 950
519 209
519 781
519 845
519 887
519 971
521 643
521 732
521 811
522 397
522 586
522 625
522 669
522 786
522 958
522 983
523 691
523 736
524 644
524 778
525 404
526 104
526 113
526 386
526 573
526 598
526 713
526 727
526 824
526 895
527 528
527 603
528 388
528 420
528 452
528 634
528 985
529 699
529 763
530 401
530 600
530 954
531 105
531 715
531 925
531 998
532 633
532 878
532 931
533 195
533 576
533 639
533 672
533 879
534 67
534 211
534 680
534 749
534 905
535 233
535 722
536 354
536 697
537 317
537 584
537 917
538 227
538 563
538 739
538 814
538 855
538 986
539 590
539 681
539 912
539 913
540 577
540 982
541 778
541 968
542 719
542 979
543 443
543 640
543 695
543 920
544 610
544 773
544 956
545 665
545 667
545 707
545 713
546 255
546 543
546 591
546 681
546 695
546 913
546 920
547 873
547 958
548 532
548 738
548 878
549 774
550 685
551 66
551 852
551 970
551 978
552 57
552 294
552 650
553 678
553 696
553 795
553 858
553 867
553 909
553 990
554 176
554 642
554 753
554 782
554 820
554 906
555 289
555 660
555 688
555 801
555 999
556 769
557 809
558 588
558 767
558 902
559 163
559 227
559 899
559 939
560 377
560 628
560 789
560 799
560 803
560 883
560 919
561 783
562 271
562 765
562 832
563 243
563 814
563 855
563 893
563 903
563 986
564 514
564 679
564 717
565 696
565 988
566 660
566 675
566 746
566 850
566 865
566 999
567 284
567 808
567 823
567 849
567 946
568 608
568 674
568 934
568 991
570 450
570 818
570 880
571 870
571 919
571 969
572 819
572 851
572 953
573 32
573 358
573 405
573 598
573 727
573 824
574 24
574 434
574 606
574 900
575 32
575 104
575 186
575 649
576 639
576 672
576 879
577 566
577 675
577 746
577 850
577 854
577 997
578 35
578 936
579 557
579 627
579 884
580 4
580 280
580 370
580 766
580 825
580 835
580 922
581 228
582 566
582 746
582 850
582 854
582 962
583 589
583 809
583 811
583 893
585 307
586 45
586 393
586 397
586 547
586 625
586 669
586 786
586 958
586 983
587 525
587 874
588 180
588 581
588 785
588 902
589 521
589 771
589 811
590 681
590 761
590 913
591 695
592 869
593 656
594 575
594 700
594 775
594 828
595 787
595 930
596 649
597 611
597 714
598 70
598 404
598 405
598 727
598 824
598 895
599 15
599 468
599 882
600 954
601 102
601 272
601 610
601 737
601 896
602 651
602 790
604 655
604 657
604 664
605 832
605 964
607 853
607 868
608 674
608 934
608 989
609 309
609 818
610 773
610 956
611 480
611 714
612 93
612 654
612 728
612 776
612 876
613 723
613 755
614 880
615 729
615 768
616 156
616 748
616 805
617 39
617 626
617 659
617 692
617 948
617 991
618 93
618 612
618 904
619 647
620 492
620 908
621 806
622 726
622 894
622 977
623 201
623 707
624 607
624 686
624 790
624 847
624 853
625 244
625 252
625 393
625 547
625 669
625 786
625 857
625 958
625 983
626 688
626 692
627 559
627 809
628 346
628 789
628 883
629 177
630 294
630 858
630 864
630 937
631 664
631 733
631 871
632 677
632 704
632 705
632 722
633 878
633 931
634 264
634 329
634 414
634 778
635 735
635 796
635 899
636 892
637 942
638 677
638 927
638 973
639 672
639 940
640 866
640 920
640 975
641 693
641 770
642 160
642 753
642 820
643 165
643 335
643 732
643 957
644 321
644 778
645 112
645 764
645 826
645 963
646 520
646 929
646 957
648 219
648 535
648 722
649 104
649 700
650 44
650 561
650 783
650 937
652 115
652 679
652 974
653 815
653 892
653 985
654 876
654 888
654 947
655 657
655 664
656 898
657 287
657 631
657 664
658 161
658 695
658 813
659 812
660 476
660 675
660 688
660 801
660 843
660 850
660 999
662 690
662 792
662 833
662 911
663 745
663 807
663 950
664 369
664 906
665 667
666 689
668 703
668 868
669 34
669 194
669 244
669 547
669 958
670 335
671 282
672 879
673 464
673 924
674 846
674 934
674 991
675 555
675 582
675 746
675 801
675 843
675 850
675 854
675 999
677 648
677 704
677 722
677 927
677 973
678 239
678 795
679 974
680 749
680 905
681 913
682 305
682 762
682 767
682 955
682 966
683 121
684 40
684 497
684 859
686 152
686 607
686 790
688 467
688 801
688 999
689 520
689 861
689 870
689 976
690 792
690 911
692 999
693 33
694 229
694 269
695 161
696 867
696 909
697 1
697 303
697 777
697 939
698 710
698 716
698 731
698 789
699 763
699 862
700 775
700 828
701 993
702 356
702 668
702 907
703 868
704 648
704 705
704 722
704 730
706 60
706 923
706 972
707 100
707 375
708 460
708 537
708 917
708 981
709 426
710 716
710 789
711 43
711 323
711 424
713 895
714 421
714 480
715 925
715 932
716 628
716 789
717 21
717 718
717 874
718 928
719 259
719 979
720 348
720 745
720 807
721 242
721 797
721 891
722 973
723 755
725 70
725 422
725 825
725 918
726 676
726 894
726 959
726 977
727 254
727 824
728 776
728 821
730 705
730 817
730 819
731 897
731 914
731 967
732 122
733 871
733 890
734 735
734 829
737 754
737 791
738 59
738 502
739 111
739 563
739 777
739 814
739 855
739 986
740 95
740 159
740 767
740 902
740 966
741 829
741 924
742 812
743 843
744 831
745 729
746 289
746 660
746 843
746 850
746 854
746 999
747 21
747 336
747 587
747 808
747 823
747 849
748 8
748 805
751 56
751 753
751 984
753 193
753 782
753 820
754 189
754 454
754 791
754 994
755 549
755 774
756 921
757 695
757 744
757 802
758 342
759 87
759 114
759 290
759 615
760 848
760 865
760 910
760 997
761 220
761 539
761 681
762 474
762 767
763 862
763 948
764 860
764 998
766 4
766 725
766 825
766 835
766 918
766 922
767 99
767 300
767 902
767 966
768 298
768 729
770 66
770 772
771 521
771 811
771 837
772 53
772 658
772 813
773 151
773 956
774 256
775 184
775 841
775 987
776 821
777 111
777 318
779 428
779 842
781 897
782 820
782 906
783 630
784 463
784 988
785 558
785 902
785 966
786 86
786 244
786 857
786 958
786 983
787 102
787 272
787 509
788 820
789 132
791 41
792 833
792 911
793 749
793 881
794 962
795 518
795 630
795 858
795 867
795 937
796 163
796 899
796 939
797 22
797 223
797 513
797 881
797 994
798 248
798 928
799 182
799 328
799 441
799 491
799 571
799 803
799 870
799 883
799 919
799 976
800 414
800 943
801 843
801 850
801 999
802 443
802 609
802 839
803 491
803 520
803 689
803 861
803 870
803 919
803 976
804 736
804 886
805 350
805 393
805 586
805 932
805 958
806 96
806 449
807 745
808 284
808 508
808 823
808 849
809 131
809 893
814 855
814 893
814 986
815 528
815 892
815 985
816 916
816 995
818 839
821 637
821 942
822 896
823 849
824 713
825 169
825 835
825 918
826 188
826 851
826 963
827 274
827 536
828 775
828 987
829 924
831 43
831 424
831 711
832 149
832 765
832 964
833 911
834 149
835 922
836 984
837 266
837 589
837 844
838 608
838 846
838 934
838 965
839 609
840 162
841 54
841 575
841 748
841 987
842 437
843 58
843 582
843 850
843 854
844 500
844 903
845 885
845 887
845 971
846 568
846 608
846 848
846 910
846 934
847 853
848 865
848 910
848 991
848 997
850 555
850 854
851 953
851 963
852 724
852 970
852 978
854 794
855 243
855 507
855 986
856 953
857 586
857 983
858 42
858 678
858 867
858 937
859 40
859 661
860 925
860 998
861 666
861 919
861 976
863 600
863 822
864 48
864 518
865 910
865 997
866 556
866 769
866 912
866 975
867 909
867 990
869 600
869 960
870 861
870 919
870 976
872 955
873 75
873 714
873 926
874 21
875 816
875 995
876 947
877 652
877 926
878 389
878 468
878 931
879 117
879 388
880 231
880 429
880 833
881 133
881 331
885 887
885 918
885 971
887 918
887 971
888 876
888 947
888 969
889 840
891 237
891 797
892 985
893 245
893 466
893 903
893 986
894 167
894 959
895 186
895 375
895 824
896 863
897 914
897 967
898 593
899 163
899 939
902 181
902 966
903 837
904 394
905 67
905 211
906 753
908 216
909 302
909 858
910 997
912 975
913 459
913 912
913 920
914 967
915 423
915 641
916 457
916 995
917 204
917 351
917 584
917 981
919 491
919 689
920 695
920 975
921 327
922 114
922 370
922 747
924 192
925 3
925 764
925 998
926 291
926 857
927 973
929 165
929 951
929 957
930 108
930 432
930 487
930 951
932 156
932 522
932 616
932 748
933 165
933 646
933 883
934 991
935 793
937 44
938 562
938 964
939 1
939 111
939 635
941 438
941 944
943 385
943 420
944 49
945 236
945 343
945 810
949 703
950 980
951 107
952 551
952 770
955 150
955 762
956 187
957 732
959 141
959 977
961 593
964 392
964 562
965 608
965 989
966 180
966 558
968 743
969 465
970 323
970 978
971 222
972 153
972 923
973 535
974 201
974 564
975 7
976 520
976 919
978 196
979 259
980 807
984 2
984 242
985 329
986 903
987 700
988 463
988 830
989 838
989 934
990 678
991 608
991 692
992 673
994 92
994 102
994 509
994 513
996 960
998 3
998 350
999 467
