0 144
0 291
1 111
1 131
1 163
1 227
1 318
2 121
3 120
3 166
3 281
3 439
4 280
4 370
4 378
5 10
5 100
5 406
6 49
6 57
6 85
6 265
6 285
7 69
7 459
7 484
8 119
10 375
11 178
11 207
11 246
11 346
11 377
12 276
12 358
12 407
12 472
13 396
13 464
14 87
14 114
14 169
16 261
17 49
17 85
17 168
18 177
18 298
19 138
19 162
19 268
19 326
19 338
19 359
19 384
19 410
20 2
20 217
21 29
21 284
21 336
21 427
22 92
22 133
22 237
23 204
23 317
23 351
24 79
25 59
25 389
25 468
26 419
27 333
27 380
29 4
29 280
29 440
30 153
30 208
30 347
32 65
32 104
32 186
32 254
32 358
32 375
33 98
33 241
33 277
33 365
33 383
33 495
34 188
34 194
34 244
34 480
35 145
36 61
36 262
37 282
38 67
38 211
38 235
40 62
40 164
40 341
40 494
40 496
41 51
41 143
41 432
41 445
42 44
42 294
42 473
43 99
43 413
43 424
44 48
44 294
44 473
45 90
45 350
45 393
46 155
47 246
47 441
47 465
48 42
48 279
48 294
48 473
49 85
50 95
50 159
50 292
51 143
51 175
51 432
51 445
51 487
52 171
52 367
52 498
53 66
53 98
53 110
53 196
53 365
53 412
53 458
54 184
55 72
55 251
55 361
56 121
56 176
56 193
56 247
57 49
58 225
58 321
59 389
59 468
60 272
61 69
62 234
62 496
63 329
63 452
64 83
65 12
65 104
65 113
65 186
65 358
65 462
66 68
66 196
66 412
66 458
67 211
67 344
68 458
69 135
69 161
69 255
69 459
69 484
70 127
70 405
70 422
71 7
71 484
72 204
72 251
72 402
72 488
73 171
73 362
74 219
74 273
74 392
75 86
75 252
75 291
76 174
76 486
77 441
77 465
77 491
78 146
78 210
78 325
79 434
80 160
80 369
81 267
81 390
82 179
82 457
83 88
84 167
85 57
85 285
86 252
86 291
88 202
88 481
89 250
89 398
90 105
90 156
90 350
90 393
91 268
91 326
91 359
91 363
91 384
91 410
92 237
92 331
93 337
93 499
94 201
94 319
94 446
95 126
95 159
95 180
95 181
95 292
95 353
95 413
96 109
96 259
96 275
96 479
97 349
98 365
99 126
99 159
99 353
99 413
100 8
100 10
100 375
101 199
101 293
101 373
102 223
102 431
102 454
103 325
104 186
104 462
105 156
105 350
106 192
106 448
106 456
107 327
108 175
109 259
109 479
111 131
111 158
111 163
111 227
111 318
112 26
112 419
113 32
113 70
113 104
113 127
113 186
113 358
113 386
114 169
115 144
115 201
115 319
115 446
116 106
119 156
120 166
120 214
120 281
120 313
121 176
121 193
122 165
123 307
123 436
124 140
124 250
124 360
124 374
124 382
124 447
125 311
125 375
125 404
126 159
126 180
126 181
126 413
127 386
127 405
128 288
129 182
129 246
129 441
130 305
131 163
131 245
133 237
133 322
133 409
135 161
135 459
135 484
136 18
136 177
136 290
138 162
138 184
138 316
138 338
138 439
139 142
139 239
140 374
140 447
141 16
141 84
141 261
142 302
142 395
143 175
143 432
143 445
143 487
145 173
145 213
146 325
146 348
147 150
147 269
147 300
147 415
148 293
148 373
149 219
149 271
150 198
150 229
150 300
150 417
150 435
150 474
151 187
151 304
152 203
152 403
152 470
153 208
153 347
153 372
153 438
154 253
154 334
155 431
158 256
159 180
159 181
159 292
159 353
159 413
160 369
161 255
161 459
162 268
162 316
162 326
162 338
162 359
162 384
162 410
163 227
163 318
163 354
164 341
164 421
164 494
166 138
166 439
169 4
170 307
172 401
173 213
174 324
175 432
175 445
175 487
176 193
176 247
176 369
177 87
177 298
178 207
178 314
178 346
178 377
178 444
180 181
180 413
181 353
181 413
182 328
183 320
183 482
184 162
185 488
186 254
186 358
186 462
187 304
187 330
188 194
188 234
189 223
189 331
189 454
190 403
190 470
191 489
193 247
194 419
195 28
195 117
195 388
196 334
196 412
196 458
197 295
198 43
198 424
198 474
200 290
201 319
201 446
202 481
203 270
204 251
204 402
204 478
204 488
205 171
205 306
206 318
206 354
207 246
207 314
207 346
207 377
208 347
209 260
209 376
210 146
210 290
211 344
212 351
212 428
212 460
214 140
214 313
214 374
215 212
215 317
215 351
215 460
216 263
216 379
216 394
216 492
218 224
218 245
218 297
219 273
219 392
220 493
220 495
223 331
223 454
224 297
225 289
225 321
225 461
225 467
226 397
227 318
227 354
228 396
229 147
229 269
229 435
229 474
230 286
230 466
231 232
231 371
231 429
232 371
232 429
233 430
236 320
236 343
238 81
240 212
240 411
241 365
241 423
243 256
244 397
244 480
245 297
246 314
246 346
246 377
247 121
248 284
248 427
248 471
249 323
250 360
250 382
250 447
251 361
251 402
251 478
252 226
253 334
254 104
254 113
254 375
254 404
255 135
257 357
257 421
258 322
258 381
258 409
259 479
260 132
262 61
263 379
263 394
263 492
264 385
264 388
264 414
264 420
265 57
266 335
266 368
267 390
268 316
268 326
268 338
268 359
268 363
268 384
268 410
269 380
269 415
273 149
273 392
274 275
274 449
275 109
275 449
276 337
276 407
276 472
277 241
277 383
278 469
278 472
278 485
279 473
280 370
280 378
281 166
281 313
282 283
283 37
284 336
285 451
285 463
286 368
286 466
288 211
288 344
289 58
289 321
289 467
292 181
293 116
293 373
294 473
295 499
296 308
297 118
300 229
300 269
300 417
300 435
302 395
303 206
303 354
306 171
308 391
308 400
311 94
311 440
311 446
312 360
312 391
313 3
314 11
314 346
314 377
316 19
316 338
316 359
316 410
317 204
317 351
317 460
319 144
319 446
320 343
322 409
325 279
326 363
326 384
326 410
327 487
328 399
329 264
329 414
329 420
329 452
330 355
332 489
335 286
335 466
336 427
338 326
338 359
338 384
338 410
339 342
341 421
341 494
345 183
346 377
346 444
348 136
348 210
348 455
349 411
350 112
350 393
351 460
352 387
353 50
353 126
353 180
353 413
353 424
357 421
358 386
359 384
359 410
361 72
361 402
362 52
363 359
363 384
365 423
367 408
367 498
368 230
368 335
368 466
370 378
372 438
374 447
375 404
376 260
379 394
381 288
382 447
383 220
383 495
384 410
385 420
385 452
386 65
386 70
388 385
388 414
389 468
391 31
391 360
391 400
396 464
399 491
400 31
400 312
400 360
401 20
402 478
403 470
405 386
405 422
407 472
408 52
408 498
412 68
412 98
412 458
413 417
414 420
416 105
416 156
416 406
417 99
417 435
418 259
418 479
419 188
420 452
421 34
424 99
424 387
427 284
427 471
428 215
428 351
428 437
428 460
429 76
429 486
432 108
432 445
433 59
433 389
435 147
435 198
435 474
439 281
441 465
441 491
443 71
443 484
444 207
444 314
444 451
444 475
445 487
451 463
452 264
452 414
453 307
453 492
454 431
455 18
455 210
456 23
456 192
457 179
459 61
459 484
464 106
464 448
466 266
469 485
473 103
474 300
474 417
475 107
475 178
475 207
475 451
476 483
478 72
480 257
480 357
480 397
480 421
481 315
487 165
487 432
491 182
492 394
493 495
494 496
498 171
