0 75
0 86
0 115
0 144
0 201
0 291
0 652
0 679
0 857
0 877
0 926
0 974
1 111
1 131
1 158
1 163
1 206
1 227
1 245
1 318
1 354
1 538
1 559
1 563
1 579
1 635
1 697
1 739
1 777
1 796
1 814
1 855
1 899
1 939
1 986
2 20
2 56
2 193
2 217
2 242
2 401
2 600
2 751
2 836
2 954
2 984
3 112
3 120
3 166
3 214
3 281
3 313
3 439
3 531
3 715
3 764
3 925
3 998
4 14
4 29
4 114
4 169
4 280
4 370
4 378
4 508
4 580
4 587
4 747
4 766
4 808
4 835
4 922
5 8
5 10
5 100
5 311
5 375
5 406
5 416
5 545
5 623
5 665
5 667
5 707
5 713
5 841
5 895
6 49
6 57
6 85
6 265
6 285
6 463
6 552
6 619
6 647
6 784
6 944
6 988
7 61
7 69
7 71
7 135
7 255
7 443
7 459
7 484
7 543
7 546
7 591
7 640
7 695
7 757
7 866
7 912
7 913
7 920
7 975
8 10
8 100
8 104
8 119
8 156
8 375
8 545
8 575
8 594
8 616
8 665
8 667
8 748
8 775
8 805
8 828
8 841
8 932
8 987
9 73
9 205
9 275
9 306
9 362
9 470
9 750
10 32
10 100
10 125
10 254
10 311
10 375
10 404
10 406
10 416
10 525
10 526
10 545
10 623
10 665
10 667
10 707
10 713
11 165
11 178
11 207
11 246
11 346
11 377
11 441
11 444
11 475
11 560
11 628
11 646
11 789
11 799
11 883
11 919
11 933
12 65
12 276
12 358
12 407
12 462
12 472
12 485
12 575
12 594
12 596
12 649
12 700
13 106
13 181
13 228
13 396
13 448
13 456
13 464
13 673
13 687
13 785
13 992
14 87
14 114
14 169
14 615
14 729
14 759
14 766
14 768
14 835
14 946
15 28
15 639
15 672
15 882
15 940
16 128
16 141
16 211
16 261
16 680
16 905
16 959
16 961
16 977
17 30
17 42
17 49
17 85
17 153
17 168
17 208
17 285
17 294
17 552
17 561
17 619
17 647
17 783
18 87
18 136
18 177
18 298
18 629
18 729
18 745
18 768
19 91
19 138
19 162
19 166
19 184
19 268
19 316
19 326
19 338
19 359
19 363
19 384
19 410
19 780
19 840
19 889
19 965
20 56
20 121
20 217
20 401
20 530
20 600
20 863
20 954
21 29
21 248
21 284
21 336
21 427
21 440
21 471
21 508
21 567
21 717
21 718
21 747
21 808
21 823
21 849
22 38
22 67
22 92
22 133
22 189
22 237
22 288
22 331
22 409
22 513
22 613
22 721
22 793
22 797
22 881
22 891
22 935
22 994
23 204
23 212
23 215
23 317
23 351
23 456
23 460
23 488
23 537
23 584
23 708
23 917
23 981
24 79
24 434
24 490
24 574
24 606
24 788
24 900
25 59
25 301
25 389
25 433
25 442
25 468
25 502
25 532
25 548
25 599
25 633
25 738
25 878
25 882
25 931
25 993
26 3
26 112
26 194
26 281
26 419
26 645
26 764
26 826
26 851
26 856
26 860
26 963
26 998
27 229
27 269
27 333
27 380
27 435
27 474
27 694
28 117
28 195
28 271
28 533
28 562
28 576
28 599
28 639
28 672
28 765
28 879
29 280
29 284
29 311
29 336
29 370
29 427
29 440
29 508
29 525
29 567
29 587
29 717
29 747
29 808
29 823
29 874
29 922
30 153
30 168
30 208
30 347
30 619
30 647
30 941
30 972
31 225
31 312
31 321
31 391
31 400
31 577
31 582
31 704
31 746
31 794
31 834
31 962
31 982
32 65
32 100
32 104
32 113
32 125
32 127
32 186
32 254
32 375
32 386
32 404
32 462
32 526
32 545
32 573
32 575
32 598
32 665
32 713
32 727
32 895
33 53
33 98
33 220
33 241
33 277
33 365
33 383
33 412
33 423
33 495
33 641
33 915
34 188
34 194
34 244
34 257
34 357
34 393
34 397
34 421
34 480
34 522
34 547
34 586
34 625
34 645
34 669
34 714
34 873
34 958
35 145
35 173
35 298
35 578
35 629
35 752
35 936
36 7
36 61
36 69
36 161
36 220
36 255
36 262
36 459
36 484
36 493
36 495
36 539
36 546
36 590
36 681
36 761
36 866
36 913
37 282
37 283
37 671
37 702
37 907
38 67
38 92
38 128
38 211
38 235
38 344
38 534
38 680
38 749
38 905
39 310
39 516
39 566
39 568
39 608
39 617
39 626
39 659
39 674
39 692
39 846
39 848
39 865
39 910
39 934
39 991
40 62
40 164
40 341
40 421
40 494
40 496
40 661
40 684
40 859
41 51
41 143
41 175
41 327
41 335
41 340
41 432
41 445
41 487
41 670
41 791
41 930
41 951
42 44
42 48
42 103
42 279
42 294
42 473
42 518
42 552
42 561
42 630
42 650
42 783
42 795
42 937
43 99
43 126
43 150
43 198
43 292
43 353
43 387
43 413
43 417
43 424
43 474
43 711
43 831
43 966
44 48
44 168
44 279
44 294
44 473
44 561
44 630
44 650
44 783
44 858
44 864
44 937
45 34
45 90
45 105
45 112
45 156
45 226
45 350
45 393
45 397
45 416
45 522
45 547
45 586
45 616
45 625
45 669
45 715
45 805
45 860
45 932
45 958
45 998
46 102
46 155
46 187
46 272
46 330
46 431
46 544
46 601
46 610
46 773
46 822
46 869
46 896
46 960
46 996
47 11
47 77
47 129
47 132
47 246
47 314
47 377
47 441
47 465
47 560
47 628
47 698
47 710
47 716
47 789
47 799
47 883
47 897
47 919
48 103
48 279
48 294
48 473
48 518
48 561
48 630
48 650
48 783
48 795
48 864
48 937
49 57
49 85
49 153
49 265
49 285
49 451
49 463
49 619
49 647
49 941
49 944
50 95
50 126
50 148
50 159
50 292
50 353
50 373
50 740
50 804
51 107
51 108
51 143
51 175
51 327
51 432
51 445
51 487
51 595
51 670
51 929
51 930
51 951
51 957
52 73
52 171
52 205
52 306
52 362
52 367
52 408
52 498
52 503
52 656
52 898
53 66
53 98
53 110
53 154
53 196
53 241
53 365
53 412
53 458
53 551
53 641
53 693
53 770
53 772
53 813
53 952
54 8
54 119
54 156
54 184
54 775
54 780
54 828
54 841
54 987
55 72
55 251
55 361
55 659
55 742
55 812
55 948
56 80
56 121
56 172
56 176
56 193
56 401
56 683
56 751
56 753
57 85
57 142
57 265
57 285
57 302
57 395
57 552
57 784
57 909
57 988
58 149
58 225
58 289
58 321
58 461
58 467
58 524
58 582
58 644
58 743
58 794
58 801
58 834
58 854
58 962
59 389
59 433
59 442
59 468
59 502
59 532
59 548
59 599
59 633
59 738
59 878
59 882
60 272
60 364
60 601
60 706
60 756
60 923
61 69
61 71
61 135
61 161
61 262
61 299
61 459
61 539
61 543
61 546
61 590
61 591
61 681
61 866
61 912
61 913
61 920
62 234
62 341
62 398
62 494
62 496
62 661
62 684
62 826
62 859
63 81
63 191
63 329
63 388
63 414
63 452
63 517
63 527
63 528
63 603
63 634
63 653
63 778
63 815
63 892
63 985
64 83
64 88
64 315
64 607
64 868
65 70
65 104
65 113
65 127
65 186
65 254
65 358
65 386
65 407
65 462
65 485
65 594
65 649
65 700
66 68
66 154
66 196
66 253
66 334
66 412
66 458
66 551
66 641
66 770
66 772
66 852
66 952
66 978
67 211
67 235
67 237
67 344
67 534
67 680
67 749
67 793
67 905
67 935
68 53
68 154
68 196
68 412
68 458
68 551
68 693
68 852
68 952
69 71
69 135
69 161
69 220
69 255
69 262
69 459
69 484
69 493
69 539
69 546
69 590
69 591
69 640
69 681
69 695
69 757
69 912
69 913
69 920
69 975
70 113
70 127
70 186
70 386
70 405
70 422
70 519
70 526
70 573
70 598
70 725
70 727
70 824
70 885
71 137
71 443
71 484
71 543
71 546
71 609
71 640
71 757
71 802
71 839
71 920
72 204
72 251
72 361
72 402
72 478
72 488
72 659
72 742
72 812
72 917
73 171
73 190
73 202
73 306
73 362
73 367
73 403
73 750
73 898
73 949
74 149
74 219
74 273
74 392
74 430
74 605
74 632
74 648
74 677
74 704
74 705
74 722
74 832
74 834
74 973
75 86
75 252
75 291
75 652
75 786
75 857
75 873
75 877
75 926
75 983
76 174
76 324
76 429
76 486
76 556
76 690
76 792
76 833
76 880
76 911
77 182
77 441
77 465
77 469
77 491
77 571
77 654
77 698
77 876
77 888
77 919
77 967
77 969
77 976
78 103
78 146
78 210
78 325
78 348
78 518
78 663
78 678
78 950
78 980
79 434
79 574
79 606
79 642
79 676
79 726
79 894
79 900
80 160
80 176
80 193
80 369
80 477
80 554
80 631
80 642
80 664
80 751
80 753
80 782
80 820
80 906
81 238
81 267
81 390
81 501
81 636
81 653
81 815
81 892
81 985
81 995
82 179
82 221
82 457
82 550
82 569
82 685
82 916
82 995
83 88
83 607
83 624
83 668
83 686
83 703
83 853
83 868
84 141
84 167
84 261
84 434
84 622
84 671
84 676
84 726
84 894
84 959
84 977
85 265
85 285
85 552
85 619
85 647
85 941
86 201
86 244
86 252
86 291
86 625
86 652
86 679
86 857
86 873
86 877
86 926
86 983
87 114
87 177
87 298
87 615
87 729
87 759
87 768
87 946
88 202
88 315
88 403
88 481
88 607
88 668
88 686
88 703
88 868
88 949
89 250
89 398
89 572
89 632
89 730
89 817
89 819
90 105
90 194
90 226
90 350
90 393
90 416
90 522
90 531
90 616
90 625
90 645
90 715
90 748
90 805
90 860
90 925
90 932
90 958
90 998
91 93
91 162
91 184
91 268
91 326
91 338
91 359
91 363
91 379
91 384
91 410
91 512
91 840
91 889
91 904
91 989
92 189
92 223
92 237
92 242
92 331
92 513
92 721
92 793
92 797
92 881
92 891
92 994
93 337
93 363
93 499
93 512
93 612
93 618
93 654
93 947
94 10
94 201
94 311
94 319
94 375
94 406
94 440
94 446
94 525
94 623
94 667
94 707
95 13
95 99
95 126
95 159
95 180
95 181
95 292
95 353
95 413
95 417
95 740
95 785
95 886
95 902
95 966
95 992
96 109
96 259
96 274
96 275
96 449
96 479
96 542
96 691
96 806
96 901
96 979
97 274
97 349
97 411
97 621
97 691
97 806
97 827
98 110
98 135
98 161
98 196
98 220
98 255
98 365
98 412
98 423
98 458
98 591
98 641
98 693
98 770
98 772
98 915
99 50
99 126
99 150
99 159
99 180
99 198
99 229
99 292
99 353
99 413
99 417
99 424
99 435
99 474
99 558
99 682
99 740
99 762
99 831
99 966
100 119
100 156
100 186
100 375
100 404
100 406
100 416
100 545
100 623
100 665
100 667
100 707
100 713
100 748
100 805
100 841
101 199
101 293
101 373
101 523
101 691
101 736
101 804
102 108
102 155
102 189
102 223
102 431
102 454
102 509
102 595
102 601
102 737
102 754
102 896
103 239
103 279
103 325
103 473
103 518
103 561
103 630
103 678
103 795
103 858
103 864
103 867
103 937
103 950
103 980
104 12
104 113
104 186
104 254
104 358
104 386
104 462
104 526
104 573
104 575
104 594
104 649
104 700
104 824
104 895
105 112
105 119
105 156
105 350
105 416
105 522
105 531
105 616
105 715
105 748
105 805
105 860
105 925
105 932
105 998
106 116
106 192
106 448
106 456
106 464
106 537
106 584
106 673
106 687
106 741
106 829
106 924
107 11
107 122
107 165
107 175
107 327
107 346
107 444
107 475
107 487
107 756
107 883
107 921
107 929
107 930
107 933
107 951
107 957
108 175
108 327
108 340
108 431
108 432
108 487
108 509
108 595
108 737
108 787
108 791
108 930
109 259
109 274
109 275
109 418
109 479
109 505
109 542
109 691
109 806
109 901
110 66
110 135
110 161
110 196
110 255
110 365
110 412
110 551
110 641
110 658
110 770
110 772
110 813
110 952
111 131
111 158
111 163
111 206
111 227
111 245
111 318
111 507
111 538
111 557
111 559
111 563
111 697
111 739
111 777
111 809
111 814
111 855
111 893
111 899
111 939
111 986
112 90
112 120
112 194
112 350
112 393
112 419
112 531
112 645
112 715
112 764
112 826
112 860
112 925
112 998
113 12
113 127
113 186
113 254
113 358
113 386
113 405
113 462
113 526
113 573
113 575
113 596
113 649
113 727
113 824
113 895
114 169
114 378
114 580
114 615
114 759
114 766
114 768
114 825
114 835
114 922
115 144
115 201
115 319
115 446
115 514
115 564
115 652
115 679
115 717
115 874
115 974
116 101
116 192
116 199
116 240
116 293
116 373
116 411
116 673
116 741
116 829
116 886
116 924
117 195
117 264
117 388
117 414
117 461
117 524
117 533
117 634
117 672
117 800
117 879
117 943
118 218
118 245
118 297
118 342
118 557
118 583
118 627
118 666
118 758
118 811
118 893
119 156
119 531
119 575
119 715
119 748
119 775
119 828
119 841
119 987
120 166
120 214
120 281
120 313
120 374
120 439
120 764
120 860
120 925
120 998
121 2
121 80
121 176
121 193
121 247
121 683
121 751
121 753
121 984
122 11
122 129
122 165
122 182
122 487
122 520
122 643
122 646
122 732
122 799
122 883
122 929
122 933
122 951
122 957
123 307
123 436
123 478
123 585
123 712
123 981
124 89
124 140
124 250
124 360
124 374
124 382
124 400
124 447
124 572
124 819
124 856
125 5
125 94
125 254
125 311
125 375
125 404
125 422
125 440
125 525
125 545
125 598
125 707
125 713
125 895
126 159
126 180
126 181
126 305
126 353
126 413
126 417
126 424
126 558
126 588
126 740
126 762
126 767
126 785
126 902
126 966
127 186
127 254
127 358
127 386
127 405
127 422
127 485
127 519
127 526
127 573
127 598
127 649
127 725
127 727
127 824
127 887
128 211
128 288
128 344
128 367
128 593
128 656
128 749
128 905
128 961
129 11
129 182
129 246
129 328
129 377
129 441
129 465
129 491
129 520
129 560
129 571
129 789
129 799
129 803
129 870
129 883
129 919
129 933
129 969
129 976
130 180
130 228
130 305
130 515
130 558
130 581
130 682
130 762
130 767
130 785
130 872
130 902
130 955
130 966
131 163
131 227
131 245
131 297
131 318
131 507
131 538
131 557
131 559
131 563
131 627
131 739
131 809
131 814
131 899
131 939
132 314
132 465
132 469
132 698
132 710
132 716
132 731
132 781
132 789
132 897
132 967
133 189
133 237
133 258
133 322
133 340
133 409
133 425
133 513
133 723
133 793
133 881
133 935
134 35
134 87
134 173
134 177
134 578
134 629
134 752
134 768
134 936
134 946
135 36
135 161
135 255
135 459
135 484
135 543
135 546
135 591
135 658
135 681
135 695
135 757
135 770
135 772
135 813
135 920
136 146
136 177
136 200
136 290
136 298
136 348
136 455
136 663
136 729
136 745
137 450
137 543
137 570
137 609
137 736
137 757
137 802
137 818
137 839
138 3
138 54
138 91
138 162
138 166
138 184
138 268
138 316
138 326
138 384
138 410
138 439
138 775
138 780
138 840
138 889
139 103
139 222
139 239
139 302
139 395
139 553
139 630
139 650
139 678
139 696
139 795
139 858
139 867
139 909
139 937
139 971
139 990
140 214
140 296
140 308
140 313
140 360
140 374
140 382
140 391
140 447
140 572
140 856
140 953
140 982
141 167
141 261
141 622
141 726
141 959
141 961
141 977
142 139
142 260
142 265
142 302
142 395
142 552
142 553
142 565
142 696
142 909
142 971
143 175
143 335
143 425
143 432
143 445
143 487
143 643
143 670
143 929
143 930
143 951
143 957
144 201
144 291
144 319
144 446
144 514
144 564
144 652
144 679
144 877
144 974
145 173
145 213
145 578
145 936
146 210
146 325
146 348
146 455
146 518
146 663
146 720
146 807
146 864
146 950
146 980
147 150
147 229
147 269
147 300
147 380
147 415
147 435
147 474
147 682
147 694
147 762
147 872
147 955
147 966
148 13
148 101
148 116
148 293
148 373
148 673
148 736
148 804
148 886
148 992
149 219
149 271
149 273
149 392
149 524
149 605
149 765
149 832
149 834
149 964
150 198
150 229
150 269
150 300
150 413
150 415
150 417
150 435
150 474
150 682
150 740
150 762
150 767
150 955
150 966
151 187
151 304
151 773
151 996
152 88
152 190
152 203
152 270
152 403
152 470
152 505
152 602
152 624
152 651
152 686
152 703
152 790
153 208
153 347
153 372
153 438
153 619
153 647
153 706
153 923
153 941
153 944
153 972
154 110
154 196
154 249
154 253
154 323
154 334
154 551
154 711
154 852
154 970
154 978
155 431
155 454
155 601
155 610
155 737
155 822
155 863
155 896
155 994
156 90
156 393
156 416
156 531
156 616
156 715
156 748
156 775
156 841
156 925
156 932
157 25
157 59
157 433
157 468
157 532
157 548
157 633
157 878
157 931
157 993
158 131
158 227
158 230
158 243
158 286
158 466
158 507
158 538
158 549
158 563
158 739
158 814
158 844
158 855
158 893
158 903
158 986
159 43
159 180
159 181
159 292
159 353
159 413
159 417
159 424
159 740
159 785
159 902
159 966
160 369
160 554
160 604
160 606
160 631
160 642
160 655
160 657
160 664
160 733
160 753
160 782
160 820
160 906
161 220
161 255
161 459
161 493
161 546
161 591
161 681
161 770
161 772
161 813
161 913
161 920
162 166
162 184
162 268
162 316
162 326
162 338
162 359
162 363
162 384
162 410
162 512
162 780
162 840
162 889
163 206
163 227
163 318
163 354
163 437
163 536
163 538
163 559
163 635
163 697
163 777
163 796
163 814
163 899
163 939
164 62
164 188
164 234
164 257
164 341
164 421
164 494
164 496
164 597
164 611
164 661
164 714
164 826
164 859
164 963
165 487
165 520
165 643
165 646
165 732
165 933
165 951
165 957
166 281
166 313
166 316
166 410
166 439
166 531
166 780
166 925
167 434
167 622
167 671
167 676
167 726
167 894
168 294
168 347
168 561
168 650
168 783
169 280
169 370
169 378
169 580
169 615
169 725
169 759
169 766
169 825
169 835
169 918
169 922
170 307
170 342
170 453
170 585
170 620
170 637
170 884
171 205
171 306
171 362
171 367
171 408
171 498
171 750
171 898
172 20
172 121
172 193
172 401
172 683
172 751
172 954
173 213
173 578
173 752
173 936
174 324
174 429
174 486
174 662
174 690
174 792
174 833
174 911
175 327
175 432
175 445
175 487
175 595
175 670
175 787
175 929
175 930
175 951
175 957
176 160
176 193
176 247
176 369
176 554
176 751
176 753
176 782
176 820
176 906
177 14
177 114
177 298
177 615
177 629
177 729
177 745
177 759
177 768
178 107
178 129
178 207
178 246
178 265
178 314
178 346
178 377
178 444
178 451
178 463
178 475
178 628
178 716
178 789
178 830
178 883
178 933
179 457
179 550
179 816
179 916
180 43
180 50
180 181
180 228
180 292
180 413
180 558
180 588
180 682
180 740
180 767
180 785
180 902
180 966
180 992
181 99
181 228
181 292
181 353
181 413
181 558
181 588
181 740
181 767
181 785
181 902
181 966
182 328
182 399
182 441
182 491
182 520
182 571
182 689
182 799
182 803
182 861
182 870
182 883
182 919
182 969
182 976
183 236
183 320
183 343
183 345
183 482
183 515
183 569
183 581
183 810
183 872
183 945
184 119
184 268
184 316
184 326
184 384
184 439
184 775
184 780
184 828
184 987
185 13
185 396
185 488
185 687
185 992
186 8
186 125
186 254
186 358
186 375
186 386
186 404
186 422
186 462
186 526
186 545
186 573
186 575
186 598
186 649
186 713
186 727
186 895
187 304
187 330
187 544
187 610
187 773
187 956
187 996
188 26
188 45
188 194
188 234
188 257
188 350
188 393
188 397
188 419
188 522
188 547
188 597
188 645
188 669
188 764
188 958
188 963
189 223
189 237
189 331
189 340
189 454
189 509
189 513
189 737
189 754
189 797
189 881
189 891
189 896
189 994
190 9
190 275
190 403
190 470
190 505
190 602
190 651
190 703
190 790
190 949
191 81
191 332
191 390
191 489
191 510
191 511
191 517
191 636
191 653
191 815
191 892
191 968
192 23
192 212
192 240
192 411
192 456
192 537
192 584
192 734
192 741
192 779
192 829
192 924
193 247
193 554
193 683
193 751
193 753
193 782
193 820
193 836
193 906
193 984
194 45
194 350
194 393
194 419
194 547
194 586
194 625
194 645
194 669
194 764
194 860
194 958
194 963
195 414
195 533
195 576
195 639
195 672
195 765
195 800
195 879
195 943
196 253
196 323
196 334
196 365
196 412
196 458
196 551
196 770
196 772
196 813
196 952
196 970
196 978
197 295
197 339
197 342
197 399
197 499
197 637
197 666
197 728
197 758
197 776
197 821
197 942
198 147
198 229
198 300
198 387
198 417
198 424
198 435
198 474
198 682
198 762
199 523
199 691
199 736
199 804
199 901
200 78
200 210
200 222
200 290
200 759
200 885
200 990
201 319
201 446
201 514
201 525
201 564
201 623
201 652
201 679
201 707
201 974
202 403
202 481
202 607
202 668
202 703
202 868
202 949
203 270
203 371
203 470
203 602
203 624
203 686
203 790
203 853
204 215
204 251
204 317
204 402
204 456
204 478
204 488
204 537
204 708
204 742
204 917
205 73
205 206
205 303
205 306
205 354
205 750
206 227
206 303
206 318
206 354
206 536
206 697
206 739
206 777
206 814
206 827
206 899
207 107
207 132
207 246
207 314
207 346
207 377
207 444
207 475
207 560
207 628
207 789
207 830
207 883
207 988
208 168
208 347
208 372
208 438
208 706
208 972
209 132
209 260
209 302
209 376
209 469
209 519
209 716
209 731
209 781
209 845
209 897
209 967
209 971
210 136
210 290
210 325
210 348
210 663
210 807
210 950
211 22
211 237
211 288
211 344
211 534
211 656
211 680
211 749
211 793
211 905
212 215
212 240
212 317
212 351
212 411
212 428
212 460
212 584
212 779
212 829
212 842
213 578
213 936
214 281
214 313
214 374
214 439
214 504
214 856
215 192
215 317
215 351
215 428
215 437
215 460
215 537
215 584
215 585
215 708
215 779
215 842
215 917
215 981
216 263
216 379
216 394
216 453
216 492
216 620
216 904
216 908
216 942
217 401
217 530
217 592
217 600
217 869
217 954
218 131
218 245
218 297
218 339
218 557
218 579
218 583
218 627
218 758
218 809
218 884
219 271
219 273
219 392
219 535
219 605
219 648
219 704
219 722
219 832
219 834
220 277
220 383
220 493
220 495
220 590
220 681
220 761
221 345
221 457
221 550
221 569
221 685
222 260
222 553
222 845
222 867
222 885
222 887
222 971
222 990
223 22
223 237
223 331
223 340
223 454
223 509
223 513
223 601
223 721
223 737
223 754
223 797
223 881
223 994
224 131
224 297
224 437
224 557
224 559
224 579
224 627
224 842
224 884
225 289
225 321
225 461
225 467
225 524
225 644
225 675
225 688
225 743
225 746
225 778
225 794
225 843
225 850
225 854
225 968
226 34
226 86
226 252
226 393
226 397
226 416
226 522
226 547
226 586
226 616
226 625
226 669
226 786
226 805
226 857
226 958
226 983
227 245
227 318
227 354
227 536
227 538
227 559
227 563
227 635
227 697
227 739
227 777
227 796
227 814
227 899
227 939
227 986
228 305
228 396
228 515
228 558
228 588
228 740
228 767
228 785
228 902
228 966
228 992
229 269
229 300
229 333
229 380
229 417
229 435
229 474
229 682
229 694
229 762
229 872
229 955
230 266
230 286
230 335
230 368
230 425
230 466
230 500
230 549
230 589
230 755
230 771
230 837
230 844
230 893
230 903
231 232
231 371
231 429
231 542
231 570
231 614
231 662
231 719
231 833
231 979
232 371
232 429
232 486
232 542
232 570
232 719
232 833
232 880
232 979
233 430
233 535
233 632
233 638
233 677
233 722
233 927
233 973
233 993
234 26
234 40
234 341
234 419
234 421
234 496
234 645
234 826
234 851
234 963
235 211
235 490
235 534
235 680
235 749
235 788
235 905
236 320
236 343
236 482
236 515
236 569
236 810
236 875
236 945
237 258
237 322
237 331
237 409
237 513
237 721
237 793
237 797
237 881
237 891
237 935
237 994
238 385
238 452
238 501
238 527
238 653
238 815
238 892
238 985
239 302
239 553
239 678
239 696
239 795
239 867
239 909
239 990
240 351
240 411
240 456
240 635
240 734
240 735
240 796
240 829
240 924
241 98
241 277
241 365
241 383
241 423
241 495
241 641
241 693
241 770
241 915
242 490
242 721
242 836
242 891
242 984
243 205
243 256
243 503
243 507
243 549
243 563
243 739
243 755
243 774
243 814
243 844
243 855
243 903
243 986
244 75
244 188
244 252
244 257
244 357
244 393
244 397
244 480
244 522
244 547
244 586
244 625
244 669
244 786
244 857
244 873
244 983
245 158
245 224
245 297
245 538
245 557
245 559
245 579
245 583
245 627
245 809
245 811
245 855
245 893
245 986
246 132
246 314
246 346
246 377
246 465
246 560
246 628
246 698
246 710
246 716
246 789
246 799
246 830
246 883
246 919
246 933
247 56
247 80
247 160
247 369
247 554
247 642
247 683
247 751
247 753
247 782
247 788
247 820
247 984
248 284
248 336
248 427
248 471
248 567
248 747
248 798
248 808
248 823
248 849
248 928
248 946
249 323
249 424
249 443
249 658
249 711
249 744
249 757
249 813
249 831
249 970
250 360
250 382
250 447
250 572
250 705
250 730
250 817
250 819
250 953
251 361
251 402
251 478
251 488
251 659
251 742
251 812
252 397
252 406
252 522
252 547
252 586
252 625
252 786
252 857
252 873
252 877
252 926
252 983
253 68
253 334
253 551
253 724
253 852
253 970
253 978
254 5
254 70
254 358
254 375
254 386
254 404
254 422
254 462
254 526
254 545
254 573
254 575
254 594
254 598
254 665
254 713
254 727
254 824
254 895
255 220
255 459
255 484
255 493
255 495
255 546
255 590
255 591
255 658
255 681
255 695
255 913
255 920
256 158
256 230
256 286
256 381
256 500
256 507
256 549
256 723
256 739
256 755
256 774
256 814
256 844
256 855
256 986
257 341
257 357
257 421
257 480
257 597
257 611
257 714
257 873
258 211
258 322
258 381
258 409
258 613
258 723
258 755
258 774
258 793
258 935
259 275
259 418
259 479
259 542
259 691
259 719
259 901
259 979
260 132
260 302
260 376
260 519
260 565
260 716
260 731
260 781
260 845
260 971
261 622
261 726
261 894
261 905
261 959
261 961
261 977
262 220
262 539
262 590
262 681
262 761
262 866
262 912
262 913
263 379
263 394
263 453
263 492
263 618
263 904
263 908
264 329
264 385
264 388
264 414
264 420
264 452
264 527
264 528
264 603
264 634
264 800
264 943
265 207
265 285
265 314
265 346
265 463
265 565
265 647
265 784
265 830
265 944
265 988
266 335
266 368
266 521
266 583
266 589
266 643
266 732
266 771
266 811
266 837
266 903
267 191
267 238
267 390
267 501
267 511
267 636
267 653
267 815
267 816
267 875
267 892
267 916
267 995
268 316
268 326
268 338
268 359
268 363
268 384
268 410
268 780
268 840
268 889
269 300
269 380
269 415
269 417
269 435
269 474
269 682
269 694
269 872
269 955
270 83
270 371
270 602
270 624
270 686
270 790
270 847
270 853
271 117
271 195
271 524
271 562
271 605
271 644
271 765
271 832
271 834
272 364
272 431
272 544
272 601
272 610
272 706
272 787
272 923
272 972
273 301
273 392
273 535
273 562
273 605
273 632
273 648
273 677
273 705
273 765
273 832
273 834
273 938
273 964
274 275
274 449
274 479
274 621
274 806
274 827
275 449
275 505
275 806
275 901
276 93
276 337
276 407
276 472
276 594
276 596
276 649
276 654
276 700
276 888
276 947
277 383
277 423
277 495
277 641
277 915
278 12
278 358
278 376
278 407
278 469
278 472
278 485
278 596
278 731
278 888
278 897
278 914
278 967
278 969
279 78
279 294
279 325
279 473
279 561
279 630
279 864
279 937
279 980
280 370
280 378
280 422
280 440
280 508
280 525
280 587
280 747
280 766
280 823
280 825
280 835
280 922
281 112
281 140
281 313
281 374
281 419
281 439
281 531
281 764
281 925
281 998
282 84
282 167
282 283
282 356
282 622
282 671
282 702
282 907
283 84
283 167
283 356
283 622
283 671
284 336
284 427
284 471
284 508
284 567
284 718
284 747
284 798
284 808
284 823
284 849
284 928
285 153
285 438
285 451
285 463
285 647
285 706
285 756
285 830
285 923
285 941
285 944
286 335
286 368
286 425
286 466
286 500
286 589
286 771
286 837
286 844
286 855
286 893
286 903
287 160
287 604
287 606
287 631
287 655
287 657
287 664
287 906
288 67
288 344
288 367
288 381
288 408
288 498
288 534
288 593
288 613
288 656
288 680
288 723
288 749
288 793
288 905
288 935
288 961
289 321
289 332
289 461
289 467
289 555
289 566
289 582
289 644
289 688
289 743
289 746
289 794
289 801
289 843
289 850
289 854
289 962
289 968
289 999
290 78
290 348
290 663
290 745
290 759
291 201
291 652
291 679
291 873
291 877
291 926
291 974
292 126
292 353
292 413
292 785
292 831
292 886
293 13
293 106
293 199
293 292
293 373
293 673
293 736
293 741
293 804
293 886
293 924
294 103
294 473
294 552
294 561
294 630
294 650
294 783
294 795
294 858
294 937
295 399
295 499
295 612
295 618
295 654
295 728
295 776
295 821
295 947
296 308
296 360
296 374
296 391
296 400
296 540
296 577
296 582
296 709
296 760
296 854
296 865
296 997
296 999
297 342
297 557
297 579
297 627
297 758
297 809
297 884
298 134
298 615
298 629
298 729
298 745
298 752
298 768
298 936
299 262
299 556
299 640
299 769
299 866
299 912
299 913
299 975
300 305
300 380
300 415
300 417
300 435
300 474
300 682
300 694
300 762
300 767
300 955
301 433
301 468
301 502
301 562
301 605
301 738
301 832
301 938
301 964
301 993
302 395
302 553
302 565
302 696
302 909
302 988
303 171
303 306
303 354
303 536
303 697
303 739
303 750
303 777
303 827
303 939
304 330
304 996
305 180
305 417
305 515
305 558
305 581
305 588
305 682
305 740
305 762
305 767
305 785
305 902
305 955
305 966
306 243
306 354
306 498
306 503
306 507
306 549
306 739
306 750
307 436
307 453
307 585
307 620
307 712
307 981
308 31
308 312
308 360
308 374
308 391
308 400
308 540
308 577
308 582
308 746
308 962
308 982
309 71
309 366
309 450
309 542
309 570
309 609
309 614
309 802
309 818
309 839
309 880
310 426
310 516
310 568
310 674
310 709
310 760
310 838
310 846
310 848
310 865
310 910
310 934
310 991
311 201
311 280
311 319
311 370
311 375
311 404
311 440
311 446
311 525
311 587
311 623
311 874
311 922
312 124
312 250
312 360
312 391
312 400
312 540
312 577
312 704
312 705
312 730
312 962
312 982
313 374
313 504
313 764
314 11
314 346
314 377
314 444
314 475
314 628
314 710
314 716
314 789
314 830
314 883
314 933
315 37
315 481
315 668
315 702
315 868
315 907
316 91
316 326
316 338
316 359
316 384
316 410
316 426
316 504
316 840
316 889
317 192
317 351
317 428
317 460
317 488
317 537
317 584
317 708
317 779
317 842
317 917
318 245
318 303
318 354
318 536
318 538
318 559
318 635
318 697
318 735
318 739
318 777
318 796
318 814
318 899
318 939
319 446
319 514
319 525
319 564
319 587
319 652
319 679
319 717
319 874
320 343
320 482
320 569
320 581
320 810
320 862
320 945
321 461
321 467
321 582
321 644
321 743
321 746
321 794
321 834
321 843
321 850
321 854
321 962
321 968
322 22
322 381
322 409
322 425
322 723
322 755
322 793
322 881
322 935
323 253
323 387
323 551
323 658
323 711
323 744
323 757
323 772
323 813
323 831
323 852
323 978
324 662
324 690
324 792
324 833
324 847
324 911
325 518
325 807
325 858
325 864
325 950
325 980
326 338
326 359
326 363
326 384
326 410
326 780
326 840
326 889
327 364
327 444
327 445
327 487
327 595
327 756
327 921
327 929
327 930
327 933
327 951
328 122
328 165
328 399
328 520
328 560
328 571
328 646
328 666
328 689
328 799
328 803
328 861
328 870
328 919
328 969
328 976
329 81
329 385
329 388
329 414
329 420
329 452
329 501
329 517
329 527
329 528
329 603
329 634
329 815
329 985
330 151
330 355
330 592
330 600
330 773
330 869
330 960
330 996
331 242
331 454
331 513
331 721
331 797
331 881
331 891
331 994
332 225
332 476
332 483
332 489
332 506
332 510
332 511
332 529
332 541
332 555
332 626
332 636
332 660
332 688
332 743
332 763
332 843
332 968
333 198
333 352
333 380
333 474
333 694
334 110
334 323
334 387
334 458
334 551
334 772
334 813
334 852
334 970
334 978
335 368
335 445
335 466
335 521
335 589
335 643
335 670
335 732
335 771
335 837
335 951
335 957
336 427
336 471
336 508
336 567
336 587
336 717
336 718
336 747
336 808
336 823
336 849
336 874
336 928
336 946
337 363
337 512
337 612
337 618
337 700
337 828
337 947
338 138
338 359
338 384
338 410
338 426
338 780
338 838
338 840
338 889
338 965
339 170
339 295
339 342
339 453
339 637
339 758
339 776
339 821
339 942
340 454
340 509
340 513
340 670
340 737
340 754
340 791
340 881
341 421
341 494
341 496
341 597
341 661
341 859
342 637
342 666
342 758
342 908
342 942
343 569
343 699
343 810
343 945
344 22
344 258
344 381
344 534
344 593
344 613
344 680
344 749
344 793
344 905
345 269
345 343
345 482
345 569
345 685
345 872
346 377
346 444
346 451
346 475
346 560
346 628
346 716
346 789
346 830
346 933
347 85
347 372
347 619
347 647
348 455
348 663
348 720
348 745
348 807
348 950
348 980
349 240
349 411
349 536
349 621
349 734
349 735
349 796
349 806
350 226
350 393
350 416
350 419
350 522
350 586
350 616
350 645
350 669
350 715
350 748
350 805
350 860
350 925
350 932
350 958
350 983
350 998
351 192
351 204
351 428
351 437
351 456
351 460
351 537
351 584
351 708
351 779
351 842
351 917
352 27
352 253
352 387
352 435
352 474
352 724
352 978
353 180
353 413
353 417
353 424
353 740
353 767
353 966
354 536
354 697
354 739
354 777
354 814
354 827
354 899
354 939
355 217
355 592
355 869
355 960
355 996
356 37
356 202
356 481
356 622
356 702
356 961
357 188
357 421
357 480
357 597
357 611
357 661
357 714
357 873
358 32
358 386
358 407
358 462
358 485
358 526
358 573
358 594
358 596
358 649
358 700
358 824
359 184
359 363
359 379
359 384
359 410
359 426
359 838
359 840
359 889
360 31
360 391
360 400
360 540
360 730
360 794
360 819
360 856
360 962
360 982
361 204
361 402
361 659
361 742
361 812
361 862
362 306
362 403
362 656
362 750
362 898
362 949
363 138
363 216
363 338
363 384
363 512
363 618
363 840
363 889
363 904
364 107
364 108
364 175
364 444
364 451
364 756
364 787
364 921
365 68
365 255
365 383
365 412
365 423
365 495
365 641
365 693
365 915
366 7
366 299
366 556
366 570
366 614
366 640
366 769
366 866
366 912
366 920
366 975
367 408
367 498
367 593
367 656
367 898
368 158
368 466
368 500
368 521
368 583
368 589
368 643
368 732
368 771
368 811
368 837
368 893
368 903
369 287
369 554
369 631
369 642
369 657
369 664
369 683
369 733
369 753
369 782
369 906
370 70
370 378
370 404
370 422
370 440
370 580
370 587
370 725
370 747
370 766
370 824
370 825
370 835
370 895
370 922
371 429
371 542
371 662
371 719
371 790
371 880
372 30
372 85
372 438
372 647
372 706
372 923
372 941
372 944
372 972
373 292
373 523
373 673
373 736
373 804
373 886
374 360
374 391
374 447
374 540
374 572
374 819
374 856
375 404
375 525
375 545
375 575
375 623
375 665
375 667
375 707
375 713
375 727
375 895
376 132
376 519
376 710
376 731
376 781
376 887
376 897
376 914
376 967
377 132
377 265
377 444
377 560
377 628
377 698
377 716
377 789
377 830
377 883
377 933
377 988
378 29
378 440
378 508
378 580
378 587
378 598
378 747
378 766
378 825
378 835
378 918
378 922
379 394
379 453
379 492
379 608
379 620
379 712
379 904
379 908
379 965
379 989
380 474
380 694
381 128
381 367
381 408
381 409
381 498
381 503
381 613
381 723
381 755
381 774
381 793
381 935
382 89
382 374
382 447
382 572
382 730
382 817
382 819
382 851
382 856
382 953
383 98
383 423
383 493
383 495
383 915
384 263
384 394
384 410
384 840
384 889
385 63
385 388
385 414
385 420
385 452
385 527
385 603
385 800
385 943
386 125
386 405
386 422
386 462
386 485
386 526
386 573
386 598
386 727
386 824
386 895
387 249
387 424
387 474
387 711
387 724
387 970
388 195
388 414
388 452
388 517
388 527
388 528
388 603
388 634
388 800
388 879
388 943
389 157
389 301
389 433
389 442
389 468
389 502
389 532
389 548
389 599
389 633
389 738
389 878
389 882
389 931
389 993
390 489
390 501
390 511
390 816
390 875
390 916
390 995
391 124
391 400
391 447
391 540
391 794
391 819
391 856
391 982
392 301
392 430
392 535
392 562
392 605
392 632
392 648
392 704
392 705
392 722
392 832
392 834
392 964
393 416
393 419
393 480
393 522
393 547
393 586
393 616
393 625
393 645
393 669
393 805
393 860
393 925
393 932
393 958
393 983
394 453
394 492
394 620
394 712
394 904
394 965
394 989
395 239
395 260
395 553
395 565
395 696
395 784
395 867
395 909
395 988
396 95
396 126
396 180
396 181
396 448
396 464
396 558
396 673
396 687
396 785
396 992
397 257
397 357
397 421
397 480
397 522
397 547
397 586
397 611
397 625
397 669
397 786
397 857
397 873
397 958
397 983
398 250
398 382
398 496
398 572
398 817
398 819
398 859
399 441
399 491
399 499
399 654
399 666
399 689
399 776
399 799
399 803
399 821
399 861
399 870
399 876
399 888
399 947
399 969
399 976
400 540
400 577
400 582
400 794
400 962
400 982
400 997
401 530
401 954
402 55
402 478
402 488
402 537
402 742
402 812
403 270
403 470
403 602
403 651
403 686
403 703
403 790
404 5
404 70
404 94
404 104
404 386
404 422
404 525
404 526
404 545
404 575
404 598
404 665
404 667
404 707
404 713
404 727
404 824
404 895
405 254
405 370
405 404
405 422
405 526
405 573
405 598
405 725
405 727
405 766
405 824
405 825
405 895
405 918
406 8
406 226
406 375
406 416
406 586
406 616
406 623
406 665
406 667
406 707
406 748
406 805
406 857
406 932
407 337
407 462
407 472
407 594
407 596
407 649
408 128
408 498
408 503
408 593
408 613
408 656
408 774
408 898
408 961
409 340
409 425
409 723
409 754
409 793
409 881
409 935
410 363
410 512
410 780
410 840
410 889
411 621
411 734
411 735
411 899
411 924
412 241
412 458
412 551
412 641
412 693
412 770
412 772
412 952
413 417
413 740
413 767
413 785
413 831
413 902
413 966
414 420
414 452
414 517
414 527
414 528
414 603
414 634
414 800
414 879
414 943
415 221
415 550
415 685
415 694
415 872
415 955
416 8
416 119
416 616
416 669
416 748
416 805
416 932
416 983
417 130
417 424
417 435
417 474
417 682
417 740
417 762
417 767
417 785
417 902
417 955
417 966
418 231
418 450
418 479
418 523
418 542
418 691
418 719
418 818
418 901
418 979
419 34
419 645
419 669
419 764
419 826
419 851
419 860
419 958
419 963
419 998
420 81
420 238
420 452
420 501
420 527
420 528
420 603
420 653
420 800
420 943
420 985
421 188
421 194
421 480
421 597
421 611
421 714
422 32
422 378
422 526
422 573
422 598
422 725
422 727
422 766
422 824
422 887
422 895
422 918
423 53
423 66
423 412
423 458
423 641
423 693
423 770
423 915
423 952
424 413
424 711
424 740
424 762
424 831
425 258
425 432
425 500
425 670
425 755
425 837
425 935
426 19
426 120
426 281
426 313
426 410
426 504
426 709
426 760
426 838
427 4
427 471
427 508
427 567
427 587
427 717
427 747
427 808
427 823
427 849
427 922
427 928
427 946
428 23
428 224
428 240
428 437
428 460
428 584
428 635
428 779
428 796
428 829
428 842
428 884
428 899
428 917
429 309
429 486
429 542
429 614
429 662
429 690
429 719
429 833
429 880
429 911
430 535
430 632
430 638
430 648
430 677
430 704
430 722
430 817
430 927
430 973
431 60
431 454
431 509
431 595
431 601
431 737
431 754
431 787
431 896
432 327
432 340
432 445
432 487
432 670
432 787
432 791
432 930
432 951
432 957
433 468
433 532
433 548
433 633
433 701
433 738
433 878
433 931
433 993
434 574
434 606
434 622
434 676
434 726
434 894
434 900
434 959
435 43
435 380
435 474
435 682
435 694
435 740
435 762
435 767
435 966
436 708
436 712
436 981
437 318
437 559
437 635
437 796
437 842
437 884
437 899
438 60
438 647
438 706
438 923
438 941
438 972
439 531
439 715
439 764
439 780
439 860
439 925
439 998
440 115
440 319
440 336
440 446
440 508
440 514
440 525
440 587
440 874
440 922
441 246
441 328
441 465
441 491
441 520
441 560
441 571
441 689
441 698
441 716
441 799
441 803
441 870
441 919
441 969
441 976
442 15
442 532
442 599
442 633
442 878
442 882
442 931
443 484
443 543
443 695
443 744
443 757
443 802
443 920
444 285
444 451
444 463
444 475
444 756
444 830
444 921
444 933
444 944
445 487
445 643
445 670
445 732
445 791
445 929
445 951
446 514
446 525
446 623
446 679
446 874
447 89
447 214
447 312
447 313
447 400
447 540
447 572
447 819
447 856
447 953
448 456
448 464
448 673
448 687
448 741
448 829
448 924
448 992
449 9
449 97
449 109
449 479
449 536
449 750
449 806
449 827
450 523
450 570
450 609
450 736
450 818
450 839
450 979
451 107
451 207
451 463
451 756
451 784
451 830
451 921
451 944
452 527
452 528
452 603
452 653
452 800
452 815
452 943
452 985
453 492
453 585
453 620
453 712
453 908
453 942
454 92
454 509
454 737
454 754
454 797
454 896
454 994
455 18
455 78
455 177
455 290
455 298
455 663
455 720
455 729
455 745
455 807
456 116
456 212
456 215
456 317
456 464
456 488
456 537
456 584
456 673
456 687
456 741
456 829
456 924
457 550
457 569
457 685
457 816
457 916
457 995
458 110
458 253
458 551
458 641
458 952
459 484
459 539
459 543
459 546
459 590
459 591
459 681
459 695
459 757
459 912
459 913
459 920
460 437
460 584
460 708
460 779
460 829
460 842
460 884
460 917
460 981
461 524
461 541
461 644
461 778
461 843
461 962
461 968
462 8
462 545
462 575
462 594
462 649
462 700
462 828
462 895
463 57
463 85
463 314
463 346
463 475
463 784
463 830
463 921
463 944
463 988
464 185
464 488
464 673
464 687
465 469
465 571
465 628
465 698
465 710
465 731
465 888
465 897
465 914
465 919
465 967
465 969
466 256
466 266
466 521
466 583
466 589
466 771
466 837
466 844
466 855
466 893
466 903
467 461
467 483
467 510
467 555
467 566
467 582
467 660
467 675
467 688
467 743
467 746
467 794
467 801
467 843
467 850
467 854
467 999
468 442
468 502
468 532
468 548
468 599
468 633
468 738
468 878
468 882
468 993
469 376
469 407
469 472
469 485
469 519
469 571
469 698
469 731
469 897
469 914
469 967
469 969
470 449
470 505
470 602
470 651
470 750
470 790
471 114
471 508
471 567
471 747
471 798
471 808
471 849
471 922
471 946
472 65
472 337
472 358
472 465
472 596
472 649
472 654
472 888
472 967
472 969
473 552
473 561
473 630
473 650
473 783
473 795
473 858
473 864
473 937
474 682
474 762
474 966
475 327
475 364
475 451
475 487
475 756
475 830
475 921
475 933
476 467
476 483
476 506
476 510
476 529
476 555
476 626
476 660
476 675
476 688
476 692
476 801
476 948
476 999
477 369
477 631
477 733
477 890
477 906
478 55
478 361
478 436
478 537
478 708
478 742
478 812
478 981
479 275
479 621
479 691
479 806
479 901
480 164
480 188
480 194
480 522
480 547
480 586
480 611
480 669
480 714
480 857
481 64
481 83
481 607
481 668
481 702
481 703
481 868
481 907
482 415
482 457
482 550
482 569
482 685
482 810
482 916
483 39
483 506
483 510
483 555
483 566
483 626
483 660
483 675
483 688
483 692
483 743
483 801
483 850
483 865
483 910
483 991
483 999
484 61
484 543
484 546
484 591
484 640
484 695
484 757
484 802
484 920
485 70
485 113
485 376
485 519
485 596
485 897
485 914
485 967
486 324
486 556
486 614
486 662
486 792
486 833
486 880
486 911
487 646
487 670
487 732
487 929
487 930
487 933
487 951
487 957
488 537
488 584
488 687
488 742
488 917
489 506
489 510
489 511
489 529
489 555
489 636
489 743
489 763
489 892
489 968
490 38
490 193
490 788
490 836
490 984
491 47
491 328
491 465
491 560
491 571
491 689
491 799
491 803
491 870
491 876
491 888
491 919
491 947
491 969
491 976
492 339
492 620
492 821
492 904
492 908
493 33
493 61
493 262
493 495
493 590
493 681
493 761
493 915
494 496
494 661
494 684
494 859
495 98
495 590
495 681
495 761
495 915
496 661
496 684
496 859
496 963
497 496
497 684
497 859
498 503
498 593
498 656
498 774
498 898
499 492
499 512
499 612
499 618
499 654
499 728
499 776
499 821
499 904
499 947
500 41
500 143
500 335
500 409
500 445
500 466
500 755
500 771
500 837
500 844
500 935
501 63
501 191
501 452
501 517
501 653
501 815
501 892
501 985
502 548
502 599
502 738
502 882
502 938
502 964
503 205
503 256
503 549
503 774
503 898
504 516
504 709
504 760
504 838
504 865
504 910
504 997
505 96
505 203
505 274
505 403
505 602
505 651
505 901
506 467
506 510
506 555
506 688
506 763
506 801
506 843
506 850
506 948
507 205
507 303
507 538
507 549
507 563
507 739
507 774
507 777
507 814
507 844
507 855
507 903
507 986
508 248
508 587
508 718
508 747
508 808
508 823
508 849
508 874
509 155
509 272
509 595
509 610
509 737
509 754
509 791
509 994
510 225
510 289
510 511
510 529
510 555
510 626
510 636
510 660
510 675
510 688
510 743
510 763
510 801
510 843
510 850
510 968
511 81
511 636
511 875
511 968
511 985
512 216
512 326
512 612
512 618
512 904
513 322
513 409
513 454
513 737
513 754
513 791
513 793
513 797
513 881
513 935
513 994
514 94
514 311
514 564
514 587
514 679
514 717
514 874
515 320
515 558
515 581
515 588
515 682
515 945
515 955
516 608
516 692
516 709
516 760
516 838
516 846
516 848
516 865
516 910
516 991
516 997
517 420
517 527
517 528
517 541
517 603
517 634
517 653
517 815
517 892
517 985
518 139
518 279
518 553
518 630
518 678
518 795
518 858
518 864
518 937
518 950
518 980
518 990
519 222
519 781
519 845
519 885
519 887
519 897
519 914
519 971
520 521
520 560
520 643
520 646
520 689
520 732
520 803
520 861
520 870
520 919
520 957
520 976
521 583
521 589
521 643
521 732
521 771
521 811
522 194
522 416
522 547
522 586
522 625
522 669
522 786
522 805
522 857
522 932
522 958
522 983
523 691
523 736
523 818
523 886
524 321
524 541
524 644
524 778
524 794
524 834
525 370
525 514
525 587
525 623
525 713
525 727
525 874
525 922
526 65
526 125
526 375
526 545
526 573
526 575
526 598
526 665
526 713
526 727
526 824
526 895
527 81
527 528
527 541
527 603
527 634
527 800
527 815
527 943
527 985
528 117
528 501
528 541
528 603
528 634
528 778
528 800
528 943
528 985
529 506
529 511
529 626
529 688
529 699
529 763
529 810
529 862
529 948
530 2
530 172
530 355
530 592
530 600
530 869
530 954
531 54
531 715
531 748
531 925
531 932
531 998
532 548
532 633
532 878
532 931
533 576
533 599
533 639
533 672
533 879
534 16
534 261
534 680
534 749
534 905
534 959
534 961
535 301
535 605
535 632
535 638
535 648
535 677
535 701
535 704
535 722
535 927
535 938
535 964
535 973
535 993
536 559
536 621
536 635
536 697
536 735
536 777
536 796
536 806
536 827
536 899
536 939
537 212
537 448
537 584
537 708
537 779
537 917
538 206
538 243
538 557
538 563
538 697
538 739
538 777
538 814
538 855
538 893
538 903
538 939
538 986
539 7
539 255
539 493
539 546
539 590
539 681
539 761
539 866
539 912
539 913
540 140
540 577
540 746
540 962
540 982
540 997
541 58
541 63
541 117
541 191
541 225
541 489
541 634
541 636
541 743
541 778
541 815
541 892
541 968
541 985
542 570
542 719
542 880
542 979
543 69
543 366
543 546
543 591
543 640
543 695
543 757
543 839
543 913
543 920
544 60
544 151
544 155
544 438
544 610
544 706
544 773
544 896
544 956
545 94
545 104
545 416
545 623
545 665
545 667
545 713
545 727
545 895
546 590
546 591
546 681
546 695
546 913
546 920
547 257
547 357
547 586
547 625
547 669
547 714
547 873
547 926
547 958
547 983
548 442
548 633
548 738
548 878
548 931
549 563
549 739
549 755
549 774
549 844
549 855
550 685
550 872
550 916
551 770
551 813
551 852
551 952
551 970
551 978
552 48
552 168
552 553
552 561
552 619
552 630
552 650
552 795
552 858
552 909
552 937
553 565
553 630
553 678
553 696
553 795
553 858
553 867
553 909
553 937
553 971
553 990
554 121
554 642
554 753
554 782
554 820
554 906
555 225
555 529
555 566
555 626
555 660
555 675
555 688
555 801
555 843
555 850
555 854
555 968
555 999
556 614
556 769
556 866
556 912
556 975
557 1
557 579
557 627
557 809
557 884
557 893
558 95
558 417
558 581
558 588
558 740
558 762
558 767
558 785
558 902
558 955
558 966
559 218
559 538
559 557
559 579
559 635
559 697
559 777
559 809
559 814
559 899
559 939
560 178
560 182
560 628
560 646
560 698
560 710
560 789
560 799
560 803
560 870
560 883
560 919
561 630
561 650
561 783
561 937
562 74
562 149
562 219
562 605
562 765
562 832
562 879
562 938
562 964
563 557
563 739
563 809
563 814
563 855
563 893
563 986
564 0
564 446
564 679
564 717
564 874
564 974
565 57
565 139
565 314
565 552
565 784
565 909
565 988
566 296
566 540
566 577
566 582
566 660
566 675
566 746
566 801
566 843
566 850
566 854
566 865
566 962
566 997
566 999
567 4
567 508
567 747
567 798
567 808
567 823
567 849
567 946
568 516
568 608
568 674
568 712
568 838
568 846
568 848
568 934
568 989
568 991
569 550
569 685
569 872
569 945
570 418
570 429
570 486
570 609
570 614
570 818
570 880
571 47
571 399
571 560
571 654
571 710
571 799
571 803
571 870
571 876
571 888
571 919
571 947
571 969
572 26
572 817
572 819
572 851
572 856
572 953
573 65
573 125
573 485
573 598
573 649
573 713
573 725
573 727
573 824
573 895
573 918
574 606
574 676
574 726
574 900
575 10
575 100
575 545
575 594
575 649
575 665
575 700
575 713
575 748
575 775
575 828
576 117
576 639
576 672
576 879
576 940
577 467
577 582
577 660
577 675
577 746
577 760
577 794
577 850
577 854
577 865
577 910
577 997
578 629
578 752
578 936
579 170
579 627
579 758
579 842
579 884
580 14
580 29
580 280
580 405
580 725
580 766
580 825
580 835
580 918
580 922
581 180
581 228
581 396
581 588
581 785
582 225
582 540
582 675
582 743
582 746
582 794
582 843
582 850
582 854
582 962
582 982
582 999
583 557
583 589
583 627
583 771
583 809
583 811
583 837
583 893
583 903
584 204
584 779
584 842
584 917
585 224
585 779
585 842
585 884
585 908
585 942
585 981
586 86
586 616
586 625
586 669
586 786
586 805
586 857
586 873
586 877
586 932
586 958
586 983
587 21
587 446
587 747
587 766
587 808
587 874
587 922
588 130
588 396
588 682
588 740
588 767
588 785
588 902
588 966
589 118
589 245
589 643
589 732
589 758
589 771
589 811
589 837
589 893
590 161
590 383
590 681
590 761
590 913
591 36
591 71
591 110
591 220
591 539
591 658
591 695
591 770
591 772
591 813
592 869
592 954
592 960
592 996
593 52
593 656
593 898
593 961
594 32
594 119
594 649
594 700
594 775
594 828
594 841
594 987
595 41
595 107
595 364
595 432
595 754
595 787
595 791
595 929
595 930
596 65
596 594
596 649
596 914
597 34
597 480
597 611
597 661
597 714
598 358
598 370
598 375
598 580
598 713
598 725
598 727
598 824
598 895
598 918
599 15
599 548
599 882
599 940
600 355
600 863
600 869
600 954
600 960
601 187
601 454
601 509
601 544
601 610
601 737
601 787
601 822
601 896
602 275
602 371
602 624
602 651
602 790
603 238
603 653
603 943
604 554
604 631
604 655
604 657
604 664
604 733
604 906
605 648
605 705
605 722
605 832
605 834
605 938
605 964
606 642
606 655
606 900
607 624
607 703
607 847
607 853
607 868
608 674
608 712
608 838
608 846
608 848
608 934
608 965
608 989
608 991
609 366
609 418
609 736
609 802
609 818
609 839
609 979
610 151
610 330
610 431
610 773
610 787
610 923
610 956
611 341
611 547
611 661
611 714
612 399
612 618
612 654
612 728
612 776
612 876
612 947
613 133
613 322
613 503
613 723
613 755
613 774
613 935
614 76
614 640
614 833
614 880
614 912
615 136
615 567
615 629
615 729
615 752
615 759
615 768
615 835
616 522
616 625
616 667
616 669
616 715
616 748
616 786
616 805
616 841
616 925
616 932
616 958
617 483
617 626
617 659
617 688
617 692
617 812
617 948
618 91
618 776
618 904
619 57
619 168
619 285
619 372
619 438
619 463
619 647
619 941
619 944
620 263
620 585
620 637
620 908
620 942
621 734
621 806
621 827
622 671
622 676
622 726
622 894
622 959
622 977
623 115
623 665
623 707
623 874
624 686
624 790
624 847
624 853
625 105
625 350
625 669
625 786
625 805
625 857
625 877
625 932
625 958
625 983
626 566
626 660
626 688
626 692
626 763
626 801
626 843
626 948
626 991
626 999
627 1
627 111
627 318
627 559
627 758
627 796
627 809
627 884
628 132
628 441
628 698
628 710
628 716
628 789
628 883
628 919
629 729
629 752
629 768
630 325
630 650
630 783
630 795
630 858
630 864
630 937
631 554
631 655
631 657
631 664
631 733
631 782
631 871
631 890
631 906
632 219
632 250
632 638
632 648
632 677
632 704
632 705
632 722
632 730
632 817
632 973
633 878
633 931
633 993
634 420
634 778
634 800
634 815
634 879
634 943
634 985
635 411
635 697
635 734
635 735
635 796
635 899
635 939
636 390
636 506
636 529
636 815
636 892
637 295
637 728
637 758
637 821
637 908
637 942
638 648
638 677
638 722
638 927
638 973
639 599
639 672
639 882
639 940
640 309
640 459
640 546
640 802
640 866
640 912
640 913
640 920
640 975
641 68
641 196
641 693
641 770
641 915
641 952
642 176
642 287
642 655
642 751
642 753
642 782
642 788
642 820
642 906
643 487
643 646
643 732
643 771
643 811
643 837
643 957
644 634
644 743
644 778
644 843
644 962
644 968
645 764
645 826
645 851
645 860
645 963
645 998
646 107
646 327
646 377
646 444
646 475
646 883
646 929
646 933
646 957
646 976
647 57
647 168
647 784
647 941
647 944
648 149
648 233
648 677
648 704
648 722
648 834
648 927
648 973
649 254
649 386
649 485
649 700
650 17
650 783
650 795
650 858
650 909
650 937
651 9
651 686
651 790
652 446
652 514
652 564
652 679
652 877
652 974
653 329
653 390
653 527
653 528
653 815
653 892
653 985
654 278
654 407
654 491
654 876
654 888
654 947
654 969
655 554
655 657
655 664
655 906
656 381
656 503
656 898
656 961
657 664
657 733
657 871
657 890
657 906
658 154
658 161
658 334
658 459
658 695
658 770
658 772
658 813
659 699
659 742
659 812
659 862
659 948
659 991
660 582
660 675
660 688
660 692
660 743
660 746
660 801
660 843
660 850
660 854
660 999
661 257
661 684
661 859
662 76
662 270
662 690
662 792
662 833
662 847
662 911
663 720
663 745
663 807
663 950
664 606
664 733
664 871
664 890
664 906
665 125
665 416
665 462
665 616
665 667
665 707
665 713
665 748
665 841
666 521
666 637
666 689
666 728
666 758
666 803
666 861
666 870
666 976
667 32
667 104
667 254
667 575
667 623
667 707
667 748
668 64
668 702
668 703
668 868
668 907
669 90
669 105
669 786
669 958
669 983
670 266
670 521
670 791
670 837
670 951
671 676
671 726
671 894
671 977
672 388
672 800
672 879
672 940
673 741
673 886
673 924
673 992
674 516
674 838
674 846
674 848
674 910
674 934
674 965
674 989
674 991
675 58
675 289
675 746
675 794
675 801
675 843
675 850
675 854
675 865
675 910
675 999
676 726
677 219
677 392
677 704
677 705
677 722
677 730
677 817
677 927
677 973
678 200
678 222
678 325
678 630
678 795
678 858
678 867
678 909
678 937
678 950
678 990
679 874
679 974
680 128
680 749
680 793
680 905
681 7
681 484
681 543
681 591
681 761
681 912
681 913
681 920
681 975
682 415
682 558
682 762
682 767
682 785
682 955
682 966
683 80
683 176
683 401
683 751
683 753
684 341
684 398
684 859
685 179
685 872
685 916
686 607
686 790
686 847
686 853
687 785
687 992
688 566
688 675
688 692
688 743
688 763
688 801
688 850
688 968
689 77
689 728
689 799
689 803
689 861
689 870
689 919
689 976
690 486
690 792
690 833
690 911
691 450
691 736
691 901
691 979
692 566
692 801
692 848
692 865
692 910
692 948
692 991
693 33
693 66
693 458
693 915
693 952
694 474
695 61
695 71
695 161
695 681
695 757
695 772
695 802
695 813
695 920
696 565
696 678
696 858
696 867
696 909
696 988
697 131
697 563
697 777
697 796
697 827
697 899
697 939
698 129
698 491
698 710
698 716
698 731
698 789
698 803
698 897
698 919
698 967
699 236
699 763
699 810
699 862
699 948
700 119
700 407
700 828
700 841
700 987
701 233
701 468
701 532
701 548
701 738
701 993
702 907
703 868
703 949
704 89
704 250
704 360
704 638
704 705
704 722
704 730
704 817
705 149
705 219
705 360
705 430
705 648
705 722
705 730
705 834
706 187
706 923
706 941
706 956
706 972
707 446
707 525
707 545
707 713
708 123
708 779
708 917
708 981
709 540
709 760
709 838
709 848
709 910
709 997
710 11
710 129
710 178
710 207
710 260
710 346
710 377
710 469
710 716
710 731
710 781
710 789
710 883
710 897
710 969
711 99
711 198
711 353
711 744
711 831
712 216
712 620
712 674
712 989
713 667
713 727
713 824
713 895
714 244
714 397
714 873
715 54
715 281
715 748
715 860
715 925
715 932
715 998
716 11
716 465
716 560
716 789
716 883
717 679
717 718
717 849
717 874
718 427
718 798
718 823
718 849
718 874
718 928
719 479
719 570
719 818
719 880
719 979
720 18
720 298
720 745
720 807
721 189
721 797
721 881
721 891
721 994
722 273
722 730
722 817
722 927
722 973
723 230
723 243
723 425
723 500
723 503
723 549
723 755
723 774
723 935
724 154
724 334
724 551
724 852
724 970
724 978
725 280
725 378
725 727
725 766
725 824
725 825
725 835
725 885
725 918
726 24
726 283
726 894
726 900
726 959
727 65
727 104
727 125
727 824
727 895
728 399
728 618
728 776
728 821
728 947
729 290
729 745
729 759
729 768
730 124
730 817
730 819
731 47
731 77
731 441
731 485
731 571
731 781
731 888
731 897
731 914
731 967
731 969
732 646
732 670
732 771
732 811
732 929
732 957
733 80
733 782
733 871
733 890
733 906
734 97
734 735
734 741
734 829
734 924
735 97
735 192
735 621
735 796
735 899
736 804
736 886
737 175
737 754
737 787
737 791
737 822
737 994
738 599
738 878
738 882
738 938
738 993
739 245
739 697
739 777
739 814
739 855
739 986
740 43
740 198
740 292
740 682
740 762
740 767
740 785
740 902
740 966
741 199
741 240
741 411
741 829
741 924
742 812
742 862
743 461
743 524
743 555
743 794
743 801
743 843
743 968
744 43
744 353
744 658
744 757
744 802
744 813
744 831
745 146
745 210
745 807
745 950
746 400
746 555
746 743
746 794
746 843
746 850
746 854
746 865
746 962
746 982
746 999
747 114
747 440
747 808
747 823
747 849
747 922
748 45
748 393
748 805
748 841
748 925
748 932
748 987
749 16
749 793
749 891
749 905
750 949
751 369
751 401
751 554
751 753
751 820
751 836
751 906
751 984
752 87
752 177
752 248
752 471
752 567
752 768
752 946
753 631
753 782
753 788
753 820
753 906
753 984
754 22
754 41
754 92
754 108
754 237
754 432
754 791
754 797
754 881
754 935
754 994
755 408
755 774
755 844
755 935
756 178
756 463
756 921
756 929
757 802
757 839
758 557
758 809
758 942
759 136
759 580
759 766
759 768
759 825
760 39
760 566
760 660
760 675
760 838
760 846
760 848
760 865
760 910
760 997
761 61
761 255
761 913
762 413
762 415
762 767
762 872
762 955
762 966
763 476
763 483
763 862
763 948
764 90
764 350
764 715
764 851
764 860
764 925
764 963
764 998
765 219
765 524
765 605
765 832
766 598
766 825
766 835
766 918
766 922
767 99
767 198
767 229
767 474
767 515
767 581
767 785
767 902
767 966
768 136
768 745
769 833
769 866
769 912
769 975
770 68
770 365
770 458
770 772
770 813
770 952
771 811
771 837
771 903
772 154
772 255
772 458
772 813
772 952
772 970
773 304
773 869
773 956
773 960
773 996
775 700
775 715
775 748
775 780
775 828
775 841
775 987
776 492
776 821
776 904
777 205
777 563
777 814
777 827
777 939
778 527
778 743
778 815
778 968
778 985
779 23
779 437
779 842
779 884
779 917
779 981
780 91
780 316
780 889
780 987
781 222
781 469
781 485
781 845
781 887
781 897
781 914
781 967
782 121
782 657
782 664
782 683
782 820
782 906
783 279
783 552
784 49
784 85
784 142
784 302
784 830
784 944
784 988
785 902
785 966
786 34
786 86
786 393
786 547
786 805
786 857
786 873
786 877
786 932
786 958
786 983
787 60
787 102
787 327
787 509
788 820
788 836
789 465
789 883
789 919
789 933
790 505
790 847
790 853
791 102
791 409
791 425
791 454
792 429
792 833
792 911
793 38
793 721
793 723
793 881
793 891
793 935
794 540
794 644
794 834
794 843
794 850
794 854
794 962
794 982
795 279
795 696
795 858
795 864
795 867
795 909
795 937
795 990
796 212
796 224
796 559
796 842
796 899
796 939
797 242
797 509
797 737
797 793
797 881
797 891
797 994
798 427
798 849
798 928
798 946
799 77
799 520
799 646
799 698
799 710
799 803
799 861
799 870
799 883
799 919
799 933
799 969
799 976
800 576
800 879
800 943
801 225
801 321
801 332
801 843
801 850
801 854
801 999
802 450
802 543
802 818
802 839
803 47
803 646
803 861
803 870
803 883
803 919
803 976
804 95
804 292
804 886
805 156
805 669
805 932
805 958
806 735
806 901
807 18
807 950
807 980
808 114
808 823
808 849
808 928
808 946
809 1
809 118
809 158
809 466
809 538
809 811
809 814
809 837
809 893
809 903
809 986
810 862
810 945
811 286
811 335
811 666
811 758
811 893
813 66
813 154
813 253
813 412
813 852
813 970
814 245
814 549
814 855
814 893
814 903
814 939
814 986
815 511
815 528
815 603
815 892
815 968
815 985
816 81
816 82
816 482
816 501
816 875
816 916
816 995
817 124
817 360
817 705
817 819
818 736
818 839
819 140
819 856
819 953
820 906
820 984
821 342
821 612
821 618
821 942
822 102
822 431
822 454
822 600
822 610
822 863
822 869
822 896
822 994
823 440
823 471
823 514
823 587
823 717
823 849
823 874
823 928
824 32
824 125
824 186
824 895
824 918
825 4
825 598
825 835
825 885
825 918
825 922
826 188
826 194
826 421
826 496
826 851
826 860
826 953
826 963
827 9
827 275
827 349
827 806
828 276
828 649
828 841
828 987
829 411
829 537
829 584
829 673
829 924
830 565
830 628
830 716
830 756
830 921
831 50
831 159
831 198
831 353
832 648
832 834
832 938
832 964
833 556
833 880
833 911
834 360
834 704
834 962
835 759
835 768
835 918
835 922
836 247
836 331
836 891
836 984
837 158
837 521
837 811
837 844
837 893
837 903
838 316
838 840
838 846
838 848
838 965
838 989
838 991
839 366
840 889
841 105
841 416
841 575
841 715
841 987
842 708
842 884
842 981
843 58
843 483
843 577
843 688
843 850
843 854
843 962
843 968
843 999
844 425
844 563
844 723
844 814
844 903
845 376
845 725
845 867
845 885
845 887
845 918
845 971
846 709
846 848
846 910
846 934
846 965
846 989
846 991
847 83
847 853
848 296
848 504
848 865
848 910
848 989
848 991
848 997
849 29
849 874
849 946
850 58
850 743
850 854
850 865
850 962
850 999
851 62
851 112
851 398
851 819
851 856
851 953
851 963
852 196
852 458
852 772
852 952
852 970
852 978
853 64
854 540
854 743
854 865
854 962
854 982
854 997
854 999
855 131
855 230
855 354
855 809
855 844
855 893
855 903
855 986
856 120
856 250
856 953
857 547
857 669
857 873
857 877
857 926
857 958
857 983
858 42
858 48
858 239
858 279
858 867
858 909
858 937
858 990
859 234
860 3
860 531
860 925
860 958
860 998
861 491
861 728
861 870
861 919
861 976
862 55
862 948
863 46
863 223
863 331
863 869
863 896
863 960
864 42
864 561
864 783
864 937
864 980
865 540
865 626
865 660
865 709
865 838
865 910
865 997
865 999
866 459
866 614
866 912
866 913
866 920
866 975
867 302
867 909
867 937
867 971
867 990
868 702
869 187
869 896
869 954
869 960
869 996
870 47
870 77
870 246
870 883
870 888
870 919
870 969
870 976
871 477
871 604
871 890
871 906
872 305
872 694
872 955
873 421
873 480
873 611
873 625
873 926
874 21
874 94
874 144
875 191
875 343
875 489
875 916
875 995
876 276
876 295
876 499
876 596
876 618
876 728
876 776
876 888
876 947
876 969
877 201
877 926
877 974
877 983
878 502
878 701
878 931
878 993
879 639
879 765
879 943
880 231
880 366
881 67
881 791
881 891
881 935
881 994
882 548
882 938
882 940
883 328
883 346
883 441
883 444
883 465
883 520
883 698
883 919
883 933
883 976
884 215
885 405
885 580
885 887
885 918
885 971
886 13
886 101
886 992
887 209
887 405
887 725
887 918
887 971
888 12
888 407
888 596
888 612
888 947
888 967
888 969
889 166
889 184
889 439
890 906
891 38
892 329
892 511
892 985
893 131
893 218
893 256
893 297
893 507
893 771
893 903
893 986
894 16
894 24
894 141
894 574
894 676
894 900
894 959
895 65
895 70
895 127
895 358
895 525
895 667
895 707
896 223
896 509
896 610
896 737
896 773
896 994
897 260
897 472
897 716
897 914
897 967
898 128
898 306
899 349
899 777
899 939
900 676
901 449
901 523
901 542
901 719
902 99
902 396
902 515
902 581
902 682
902 762
902 955
902 966
903 111
903 256
903 335
903 557
903 563
903 589
903 739
903 986
904 93
904 620
904 821
904 908
904 965
905 961
905 977
906 606
906 683
907 283
907 356
908 170
908 307
908 339
908 712
908 821
908 942
909 42
909 937
909 990
910 296
910 568
910 626
910 838
910 991
910 997
910 999
911 232
911 880
912 913
912 920
912 975
913 484
913 920
913 975
914 209
914 260
914 358
914 698
914 967
914 969
915 220
916 995
917 402
917 478
917 981
918 70
918 222
919 646
919 933
919 969
919 976
920 36
920 591
920 757
920 802
920 975
921 11
921 346
921 595
921 933
921 944
922 21
922 808
923 941
923 956
923 972
924 212
924 464
924 537
925 645
925 932
925 998
926 226
926 244
926 625
926 786
927 632
927 817
927 973
928 21
928 508
928 567
928 849
929 108
929 165
929 364
929 432
929 670
929 930
929 933
929 951
929 957
930 445
930 756
930 787
930 791
930 951
930 957
931 59
931 468
931 701
932 119
932 226
932 841
932 958
933 207
933 560
933 628
933 643
933 951
933 957
934 516
934 712
934 838
934 848
934 991
935 344
936 629
937 783
938 392
938 964
939 206
939 563
939 735
939 739
940 533
941 17
941 208
941 347
941 944
942 170
942 295
942 776
943 329
943 517
943 672
944 57
944 85
944 438
944 830
945 345
945 482
945 581
946 284
946 615
946 823
946 928
947 77
947 969
948 39
948 812
949 403
949 481
950 455
950 980
951 108
951 595
951 643
951 791
951 957
952 98
952 253
952 978
953 26
953 124
953 398
953 963
954 355
955 435
955 474
955 767
955 966
956 46
956 151
956 272
956 601
956 822
957 266
957 521
957 670
957 883
958 105
958 252
958 416
958 748
959 24
959 38
959 905
959 961
959 977
960 822
960 996
961 367
961 898
961 977
962 225
962 467
962 982
963 34
963 62
963 112
963 382
963 572
963 860
964 765
965 359
965 712
965 934
965 989
966 229
966 300
967 710
968 467
968 636
968 801
969 47
969 689
969 861
970 323
970 978
971 302
971 376
972 60
972 187
972 347
972 610
972 941
973 704
974 75
974 86
974 319
974 446
974 514
974 717
975 61
975 71
975 459
975 484
975 543
975 546
975 614
976 122
976 571
977 726
977 894
978 249
978 772
979 309
979 371
979 429
979 479
979 614
979 880
979 901
980 210
980 663
981 204
981 317
981 351
981 712
982 296
983 616
983 805
983 873
983 958
984 176
984 788
985 636
986 131
986 466
986 549
986 777
986 844
987 156
987 715
988 49
988 132
988 142
988 178
988 285
988 314
988 830
988 944
989 19
989 263
989 338
989 516
989 840
989 934
990 142
990 696
990 971
991 760
991 865
992 181
992 293
992 464
992 785
993 548
994 133
994 791
994 891
995 482
995 685
996 544
997 308
997 310
997 582
997 660
997 838
997 999
998 188
998 826
998 851
998 963
999 39
999 688
999 692
