0 75
0 86
0 144
0 291
0 319
0 564
0 652
0 679
0 877
0 974
1 111
1 131
1 163
1 227
1 318
1 538
1 559
1 627
1 635
1 697
1 777
1 814
1 899
1 939
2 20
2 121
2 401
2 600
2 836
2 984
3 120
3 166
3 281
3 313
3 439
3 531
3 925
3 998
4 114
4 169
4 280
4 370
4 378
4 580
4 747
4 766
4 808
4 825
4 835
4 922
5 10
5 100
5 125
5 375
5 406
5 545
5 665
5 667
5 707
6 17
6 49
6 57
6 85
6 463
6 619
6 647
6 784
6 988
7 61
7 69
7 71
7 135
7 459
7 484
7 543
7 546
7 640
7 695
7 912
7 913
7 920
7 975
8 119
8 156
8 416
8 462
8 575
8 594
8 748
8 828
8 841
8 987
9 190
9 275
9 362
9 449
9 750
10 94
10 100
10 125
10 311
10 375
10 404
10 406
10 446
10 525
10 545
10 623
10 665
10 667
10 707
10 713
10 895
11 178
11 207
11 246
11 314
11 346
11 377
11 560
11 628
11 646
11 789
11 883
11 933
12 276
12 278
12 407
12 462
12 472
12 596
12 649
13 185
13 396
13 448
13 464
13 673
13 687
13 992
14 87
14 114
14 169
14 177
14 615
14 759
14 768
14 835
15 639
15 882
15 940
16 141
16 261
16 905
16 959
16 961
16 977
17 30
17 49
17 57
17 85
17 168
17 294
17 347
17 619
17 647
18 136
18 177
18 298
18 615
18 629
18 729
18 745
19 91
19 138
19 162
19 268
19 316
19 326
19 338
19 359
19 363
19 384
19 410
19 780
19 840
19 889
20 217
20 401
20 530
20 600
20 954
21 29
21 248
21 284
21 336
21 427
21 508
21 567
21 587
21 717
21 718
21 747
21 808
21 823
21 849
22 67
22 92
22 133
22 189
22 237
22 331
22 513
22 793
22 797
22 881
22 891
22 935
23 204
23 317
23 351
23 456
23 460
23 537
23 584
23 708
23 779
23 917
24 79
24 574
24 894
24 900
25 59
25 301
25 389
25 468
25 502
25 548
25 599
25 738
25 878
25 882
26 112
26 281
26 419
26 645
26 764
26 826
26 851
26 860
26 953
26 963
27 269
27 333
27 380
27 474
27 694
28 195
28 271
28 533
28 576
28 672
28 879
29 4
29 280
29 311
29 370
29 427
29 440
29 508
29 587
29 747
29 823
29 874
29 922
30 153
30 208
30 347
30 619
31 308
31 312
31 321
31 360
31 391
31 794
31 834
31 854
31 962
31 982
32 10
32 65
32 104
32 113
32 186
32 254
32 375
32 386
32 404
32 462
32 526
32 545
32 573
32 575
32 713
32 895
33 241
33 277
33 365
33 383
33 423
33 495
33 641
33 915
34 188
34 194
34 244
34 257
34 393
34 397
34 421
34 480
34 547
34 611
34 669
34 714
34 958
35 145
35 578
35 936
36 61
36 69
36 255
36 262
36 459
36 539
36 546
36 590
36 681
36 761
36 912
36 913
37 282
37 283
37 315
37 907
38 67
38 211
38 235
38 534
38 680
38 749
38 905
39 310
39 568
39 608
39 617
39 674
39 692
39 910
39 934
39 991
40 164
40 341
40 494
40 496
40 661
40 684
40 859
41 108
41 143
41 175
41 335
41 340
41 432
41 445
41 487
41 670
41 791
41 930
41 951
42 44
42 48
42 103
42 294
42 473
42 552
42 561
42 630
42 650
42 783
42 864
42 937
43 99
43 126
43 198
43 353
43 413
43 424
43 711
43 740
43 831
44 48
44 294
44 473
44 561
44 630
44 650
44 783
44 937
45 34
45 90
45 105
45 194
45 226
45 350
45 393
45 397
45 522
45 586
45 616
45 625
45 669
45 715
45 805
45 932
45 958
46 155
46 601
46 773
46 822
46 863
46 896
47 129
47 132
47 246
47 377
47 465
47 698
47 710
47 789
47 799
47 969
48 103
48 279
48 294
48 473
48 561
48 630
48 650
48 783
48 864
48 937
49 57
49 85
49 265
49 285
49 463
49 619
49 647
49 784
49 941
50 95
50 126
50 148
50 159
50 181
50 292
50 353
50 413
50 804
51 108
51 143
51 175
51 327
51 432
51 445
51 487
51 595
51 670
51 929
51 930
51 951
51 957
52 73
52 171
52 362
52 367
52 408
52 498
52 593
52 750
52 898
53 66
53 98
53 110
53 196
53 412
53 458
53 641
53 770
53 772
53 952
54 119
54 184
54 715
54 775
54 828
54 841
54 987
55 72
55 251
55 361
55 659
55 742
55 812
55 862
56 121
56 172
56 176
56 193
56 247
56 683
56 751
56 984
57 85
57 285
57 463
57 552
57 647
57 784
57 988
58 225
58 289
58 321
58 461
58 524
58 582
58 644
58 794
58 843
58 850
58 854
59 389
59 442
59 468
59 502
59 548
59 599
59 633
59 738
59 878
59 882
60 272
60 544
60 706
60 787
60 923
61 69
61 262
61 459
61 539
61 546
61 590
61 681
61 866
61 912
61 913
61 975
62 40
62 164
62 234
62 398
62 496
62 684
62 859
63 329
63 388
63 420
63 452
63 501
63 517
63 527
63 528
63 815
63 892
63 985
64 83
64 88
64 481
64 607
65 12
65 104
65 113
65 127
65 186
65 254
65 358
65 386
65 462
65 485
65 526
65 594
65 649
66 68
66 196
66 253
66 334
66 412
66 458
66 551
66 770
66 852
66 952
66 978
67 211
67 288
67 344
67 534
67 680
67 749
67 793
67 891
67 905
68 196
68 412
68 458
68 551
68 952
69 71
69 135
69 161
69 255
69 459
69 484
69 543
69 546
69 590
69 591
69 681
69 695
69 913
69 920
69 975
70 113
70 127
70 386
70 405
70 422
70 526
70 573
70 598
70 725
70 727
70 824
71 443
71 484
71 543
71 640
71 802
71 920
72 204
72 251
72 361
72 402
72 478
72 488
72 742
72 917
73 171
73 362
73 949
74 149
74 219
74 273
74 392
74 605
74 632
74 648
74 704
74 705
74 722
74 832
74 834
75 86
75 252
75 291
75 652
75 786
75 857
75 877
75 926
76 174
76 429
76 486
76 662
76 690
76 792
76 833
76 911
77 47
77 441
77 465
77 491
77 571
77 698
77 731
77 803
77 888
77 919
77 969
78 146
78 210
78 325
78 348
78 518
78 678
78 807
78 950
78 980
79 434
79 574
79 606
79 900
80 160
80 176
80 193
80 369
80 554
80 631
80 751
80 753
80 782
80 906
81 238
81 267
81 501
81 653
81 815
81 892
82 179
82 221
82 457
82 550
82 685
82 816
82 916
82 995
83 88
83 607
83 624
83 686
83 703
83 868
84 141
84 167
84 261
84 282
84 622
84 726
84 959
84 977
85 619
85 647
85 944
86 252
86 291
86 397
86 857
86 877
86 926
87 18
87 114
87 177
87 615
87 729
87 752
87 759
87 768
88 202
88 481
88 607
88 668
88 703
88 868
89 250
89 398
89 572
89 704
89 730
89 817
89 819
90 105
90 112
90 156
90 350
90 393
90 616
90 625
90 715
90 748
90 764
90 805
90 860
90 925
90 932
90 958
90 998
91 268
91 326
91 338
91 359
91 363
91 384
91 410
91 889
92 189
92 223
92 237
92 331
92 721
92 797
92 881
92 891
92 994
93 337
93 363
93 499
93 512
93 612
93 618
94 201
94 311
94 446
94 525
94 623
94 707
95 126
95 159
95 180
95 181
95 292
95 353
95 413
95 740
95 785
96 109
96 259
96 275
96 479
96 505
96 691
96 901
97 274
97 349
97 479
97 536
97 621
97 734
97 806
98 33
98 110
98 196
98 220
98 241
98 365
98 412
98 458
98 641
98 693
98 770
98 772
98 915
99 126
99 159
99 180
99 181
99 353
99 413
99 417
99 740
99 762
99 831
99 966
100 8
100 375
100 545
100 665
100 667
100 713
101 148
101 199
101 373
101 523
101 691
101 736
101 886
102 155
102 223
102 431
102 454
102 509
102 601
102 737
102 754
102 787
103 78
103 279
103 294
103 325
103 473
103 518
103 630
103 678
103 795
103 858
103 864
103 937
104 12
104 113
104 186
104 254
104 386
104 462
104 526
104 545
104 575
104 594
104 649
104 727
105 156
105 350
105 416
105 531
105 715
105 805
105 925
105 932
106 13
106 192
106 448
106 456
106 464
106 673
106 687
106 741
106 829
106 924
107 51
107 165
107 178
107 327
107 444
107 475
107 487
107 646
107 756
107 921
107 929
107 933
108 175
108 327
108 431
108 595
108 737
108 787
108 791
108 930
109 259
109 275
109 479
109 505
109 806
109 901
110 135
110 255
110 458
110 591
110 641
110 770
110 772
110 813
111 131
111 158
111 163
111 227
111 243
111 318
111 354
111 507
111 538
111 559
111 563
111 739
111 777
111 814
111 855
111 939
111 986
112 45
112 194
112 281
112 350
112 419
112 645
112 715
112 764
112 860
112 925
112 963
112 998
113 127
113 186
113 254
113 358
113 386
113 573
113 649
113 727
113 895
114 169
114 580
114 615
114 759
114 766
114 835
115 0
115 144
115 201
115 319
115 446
115 514
115 564
115 679
115 974
116 293
116 673
116 741
116 829
116 924
117 195
117 634
117 800
117 879
118 297
118 342
118 557
118 583
118 758
119 156
119 715
119 775
119 841
119 987
120 166
120 214
120 281
120 313
120 439
120 764
121 80
121 176
121 193
121 247
121 683
121 751
121 984
122 165
122 520
122 643
122 646
122 732
122 883
122 929
122 933
122 957
123 307
123 436
123 712
123 981
124 140
124 214
124 250
124 382
124 447
124 572
124 819
124 856
125 32
125 311
125 375
125 404
125 525
125 526
125 545
125 598
125 707
125 713
125 727
125 824
125 895
126 159
126 180
126 181
126 228
126 353
126 413
126 417
126 588
126 740
126 767
126 785
126 966
127 358
127 386
127 405
127 422
127 485
127 573
127 727
127 824
128 16
128 211
128 288
128 344
128 367
128 408
128 534
128 593
128 656
128 680
128 898
128 961
129 182
129 246
129 328
129 441
129 520
129 560
129 571
129 628
129 789
129 799
129 803
129 870
129 883
129 919
129 933
129 976
130 228
130 305
130 515
130 558
130 581
130 588
130 682
130 767
130 955
130 966
131 158
131 163
131 227
131 245
131 297
131 318
131 538
131 559
131 627
131 814
131 893
132 246
132 260
132 698
132 710
132 716
132 731
132 781
132 897
133 237
133 258
133 322
133 340
133 409
133 513
133 881
133 935
134 173
134 629
134 752
134 946
135 161
135 255
135 459
135 484
135 543
135 546
135 591
135 681
135 695
135 920
136 177
136 210
136 290
136 455
136 729
136 745
136 759
137 71
137 450
137 543
137 609
137 802
137 839
138 162
138 166
138 184
138 268
138 316
138 326
138 338
138 410
138 439
138 531
138 780
138 889
139 142
139 239
139 553
139 678
139 696
139 795
139 858
139 867
139 909
139 937
139 990
140 120
140 214
140 360
140 374
140 391
140 856
141 261
141 622
141 959
141 961
141 977
142 302
142 395
142 553
142 565
142 696
142 784
142 867
142 909
143 175
143 432
143 445
143 487
143 670
143 929
143 951
144 201
144 319
144 446
144 564
144 652
144 679
144 974
145 173
145 213
145 578
145 936
146 210
146 325
146 663
146 807
146 950
146 980
147 150
147 229
147 269
147 300
147 415
147 435
147 682
147 694
147 762
147 872
147 955
148 293
148 373
148 736
148 804
148 886
149 219
149 273
149 605
149 765
149 832
149 834
150 198
150 229
150 269
150 300
150 417
150 435
150 474
150 682
150 762
150 767
151 187
151 304
151 330
151 996
152 190
152 270
152 403
152 470
152 505
152 602
152 624
152 651
152 686
152 703
152 790
153 347
153 372
153 438
153 619
153 647
153 923
153 941
153 944
153 972
154 196
154 253
154 323
154 334
154 551
154 658
154 813
154 852
154 970
154 978
155 431
155 454
155 509
155 601
155 610
155 737
155 822
155 896
156 416
156 531
156 616
156 715
156 748
156 841
156 932
157 433
157 442
157 532
157 633
157 878
157 931
158 245
158 256
158 507
158 538
158 563
158 739
158 809
158 814
158 844
158 855
158 893
158 903
158 986
159 43
159 180
159 181
159 292
159 353
159 413
159 424
159 740
159 785
159 966
160 176
160 287
160 369
160 554
160 631
160 642
160 753
160 782
160 820
160 906
161 98
161 255
161 459
161 546
161 591
161 681
161 695
161 772
161 913
162 91
162 184
162 268
162 316
162 326
162 338
162 359
162 384
162 410
162 780
162 840
162 889
163 227
163 318
163 354
163 538
163 559
163 635
163 697
163 899
163 939
164 234
164 257
164 341
164 357
164 421
164 494
164 496
164 597
164 661
165 520
165 643
165 646
165 732
165 957
166 281
166 313
166 426
166 439
167 622
167 671
167 676
167 726
167 977
168 294
168 561
168 647
169 87
169 378
169 580
169 766
169 825
169 835
170 453
170 579
170 585
170 884
170 942
171 205
171 306
171 498
171 750
172 121
172 401
172 683
173 35
173 213
173 578
174 324
174 429
174 486
174 662
174 690
174 792
174 833
174 911
175 107
175 432
175 445
175 487
175 595
175 670
175 791
175 929
175 930
175 951
176 193
176 247
176 554
176 751
176 753
176 782
176 820
176 906
177 298
177 615
177 729
177 768
178 207
178 246
178 314
178 346
178 377
178 444
178 475
178 628
178 716
178 789
178 830
179 457
179 916
180 181
180 228
180 353
180 413
180 558
180 588
180 740
180 767
180 785
180 902
180 966
180 992
181 228
181 292
181 413
181 558
181 588
181 740
181 785
181 902
181 966
181 992
182 328
182 399
182 441
182 491
182 520
182 689
182 799
182 803
182 861
182 870
182 919
182 976
183 130
183 236
183 320
183 345
183 482
183 515
183 569
183 945
184 268
184 780
184 828
184 889
185 396
185 464
185 488
185 687
186 127
186 254
186 358
186 386
186 404
186 526
186 545
186 573
186 594
186 649
186 713
186 727
186 824
186 895
187 304
187 330
187 544
187 610
187 773
187 956
187 996
188 26
188 112
188 194
188 234
188 421
188 480
188 645
188 826
188 963
189 102
189 223
189 331
189 454
189 509
189 513
189 737
189 754
189 791
189 797
189 881
189 994
190 403
190 470
190 505
190 602
190 651
191 267
191 332
191 489
191 511
191 636
191 875
191 892
192 212
192 240
192 411
192 456
192 584
192 829
192 924
193 247
193 369
193 554
193 683
193 751
193 753
193 836
194 26
194 234
194 393
194 419
194 480
194 547
194 645
194 669
194 860
194 958
195 533
195 576
195 634
195 879
196 110
196 334
196 412
196 458
196 551
196 770
196 772
196 852
196 952
196 978
197 295
197 339
197 637
197 728
197 776
197 821
197 942
198 99
198 387
198 417
198 424
198 435
198 474
198 711
198 762
199 523
199 691
200 222
200 290
201 319
201 446
201 514
201 623
201 652
201 707
202 481
202 668
202 703
202 949
203 152
203 270
203 602
203 624
203 651
203 686
203 790
204 317
204 402
204 478
204 488
204 537
204 708
204 917
205 303
205 306
205 354
205 739
205 750
205 777
206 1
206 163
206 227
206 303
206 318
206 354
206 536
206 635
206 697
206 777
206 827
207 314
207 346
207 377
207 444
207 475
207 628
207 830
207 883
207 933
208 153
208 347
208 372
208 972
209 260
209 376
209 469
209 519
209 781
209 845
209 887
209 897
209 971
210 200
210 290
210 348
210 455
210 745
210 950
211 288
211 344
211 534
211 680
211 749
211 793
211 905
212 215
212 240
212 317
212 351
212 428
212 456
212 460
212 584
212 779
212 829
212 842
213 578
214 281
214 313
214 374
214 856
215 23
215 317
215 351
215 428
215 460
215 537
215 708
215 779
215 842
215 917
216 263
216 394
216 492
216 620
216 904
216 908
217 2
217 401
217 530
217 592
217 954
218 118
218 224
218 245
218 297
218 557
218 579
218 627
219 273
219 392
219 605
219 648
219 705
219 832
219 834
220 33
220 36
220 255
220 277
220 383
220 493
220 495
220 590
220 761
220 915
221 457
221 550
221 685
222 845
222 971
222 990
223 454
223 509
223 513
223 737
223 754
223 797
223 881
223 896
223 994
224 170
224 437
224 579
224 627
224 796
224 842
224 884
225 289
225 321
225 461
225 467
225 524
225 644
225 743
225 794
225 843
225 850
226 86
226 90
226 252
226 393
226 397
226 406
226 522
226 547
226 586
226 616
226 625
226 669
226 786
226 805
226 857
226 958
226 983
227 318
227 354
227 538
227 559
227 697
227 777
227 814
227 939
228 396
228 515
228 558
228 581
228 588
228 767
228 785
228 902
228 966
229 27
229 198
229 300
229 333
229 435
229 474
229 762
229 955
230 286
230 335
230 368
230 466
230 500
230 837
230 844
230 903
231 232
231 371
231 429
231 542
231 719
231 880
231 979
232 371
232 429
232 542
232 719
232 979
233 430
233 535
233 638
233 677
233 927
233 973
234 341
234 419
234 421
234 826
234 859
234 963
235 67
235 490
235 534
235 905
236 320
236 343
236 482
236 569
236 810
236 945
237 189
237 331
237 513
237 721
237 793
237 797
237 881
237 891
237 935
238 452
238 501
238 653
239 518
239 553
239 678
239 696
239 795
239 867
239 909
239 990
240 411
240 734
240 735
240 741
240 829
241 277
241 365
241 423
241 641
241 693
241 915
242 2
242 331
242 721
242 836
242 891
243 158
243 205
243 256
243 507
243 549
243 739
243 777
243 855
244 86
244 397
244 480
244 547
244 586
244 625
244 786
244 857
244 873
244 926
244 983
245 111
245 297
245 538
245 557
245 579
245 627
245 809
245 814
245 893
246 207
246 346
246 377
246 465
246 560
246 628
246 698
246 710
246 716
246 789
246 799
246 883
246 933
247 554
247 642
247 751
247 753
247 820
247 836
247 984
248 284
248 427
248 471
248 508
248 567
248 808
248 823
248 849
248 928
248 946
249 323
249 424
249 711
249 744
249 757
249 813
249 831
250 360
250 382
250 447
250 572
250 730
250 817
250 819
250 856
251 361
251 402
251 478
251 659
251 742
251 812
252 244
252 397
252 522
252 586
252 625
252 786
252 857
252 877
252 926
252 983
253 196
253 334
253 551
253 724
253 852
253 970
253 978
254 127
254 358
254 375
254 386
254 404
254 526
254 545
254 573
254 665
254 713
254 727
254 824
254 895
255 61
255 459
255 493
255 546
255 590
255 591
255 681
255 695
255 770
255 772
256 230
256 507
256 549
256 739
256 755
256 774
256 844
256 903
256 986
257 244
257 357
257 421
257 480
257 597
257 611
257 714
258 322
258 381
258 409
258 613
258 723
258 755
258 774
258 935
259 479
259 542
259 691
259 901
260 142
260 302
260 376
260 565
260 781
260 971
261 128
261 622
261 959
261 961
261 977
262 539
262 590
262 681
262 761
262 913
263 363
263 379
263 394
263 453
263 492
263 618
263 620
263 904
263 908
264 329
264 385
264 388
264 414
264 420
264 452
264 527
264 528
264 603
264 800
264 943
265 57
265 463
265 565
265 784
265 830
265 944
265 988
266 286
266 335
266 368
266 466
266 521
266 589
266 732
266 771
266 811
267 238
267 390
267 501
267 511
267 653
267 816
267 995
268 316
268 326
268 338
268 359
268 363
268 384
268 410
268 512
268 780
268 840
268 889
269 229
269 300
269 380
269 415
269 435
269 872
269 955
270 602
270 624
270 686
270 790
271 117
271 149
271 195
271 562
271 605
271 644
271 765
272 544
272 601
272 610
272 787
272 923
272 956
273 392
273 535
273 605
273 648
273 722
273 832
273 938
274 96
274 109
274 275
274 449
274 806
274 827
275 190
275 449
275 470
275 505
275 806
276 337
276 407
276 472
276 596
276 888
277 365
277 383
277 693
277 915
278 407
278 469
278 472
278 485
278 914
278 967
279 44
279 325
279 473
279 518
279 630
279 864
280 311
280 370
280 378
280 525
280 580
280 587
280 747
280 922
281 313
281 439
281 764
281 860
281 925
282 283
282 622
282 671
282 702
282 907
283 671
284 336
284 427
284 471
284 508
284 567
284 718
284 808
284 823
284 849
284 928
285 85
285 153
285 438
285 451
285 463
285 941
285 944
286 368
286 466
286 500
286 771
286 837
286 844
286 893
286 903
287 604
287 606
287 655
287 657
287 664
288 344
288 381
288 613
288 656
288 680
288 723
288 793
289 321
289 467
289 510
289 555
289 582
289 660
289 675
289 743
289 746
289 801
289 843
289 850
289 854
290 14
290 729
290 745
291 144
291 877
291 926
291 974
292 126
292 353
292 886
293 101
293 373
293 673
293 741
293 804
293 886
294 279
294 473
294 552
294 561
294 650
294 783
294 937
295 399
295 499
295 612
295 618
295 728
295 776
295 821
296 308
296 504
296 540
296 577
296 760
296 997
297 224
297 557
297 559
297 579
297 627
297 809
297 884
298 136
298 629
298 729
298 768
299 556
299 769
299 866
299 912
299 975
300 435
300 474
300 682
300 762
300 955
301 389
301 502
301 562
301 738
301 938
301 964
302 139
302 239
302 395
302 565
302 696
302 867
302 909
302 971
303 354
303 777
303 827
305 228
305 300
305 515
305 558
305 581
305 588
305 682
305 767
305 902
306 503
306 750
307 436
307 453
307 585
307 620
307 712
308 312
308 374
308 391
308 400
308 540
308 577
308 982
309 137
309 450
309 570
309 609
309 614
309 818
309 839
309 880
310 516
310 709
310 760
310 838
310 846
310 848
310 865
310 910
310 934
311 375
311 404
311 440
311 446
311 525
311 587
311 713
312 360
312 391
312 400
312 705
312 982
313 140
313 374
314 246
314 346
314 377
314 475
314 628
314 710
314 716
314 789
314 830
314 988
315 481
315 668
315 702
315 907
316 166
316 338
316 359
316 384
316 410
316 780
316 840
316 889
317 351
317 460
317 537
317 584
317 708
317 779
317 842
317 917
318 354
318 536
318 559
318 635
318 697
318 739
318 796
318 899
318 939
319 94
319 440
319 446
319 514
319 564
319 623
319 679
319 874
320 343
320 515
320 810
320 945
321 461
321 467
321 524
321 644
321 794
321 850
321 854
321 962
322 381
322 409
322 513
322 723
322 881
322 935
323 658
323 711
323 744
323 772
323 813
323 970
324 662
324 690
324 792
324 833
324 911
325 518
325 864
325 950
325 980
326 316
326 338
326 359
326 363
326 384
326 410
326 512
326 780
326 889
327 175
327 364
327 475
327 487
327 756
327 929
327 930
327 951
328 122
328 399
328 491
328 520
328 666
328 689
328 799
328 803
328 861
328 870
328 919
328 976
329 385
329 388
329 414
329 420
329 452
329 517
329 527
329 528
329 603
329 634
329 653
329 985
330 46
330 355
330 592
330 773
330 869
330 960
330 996
331 223
331 721
331 797
331 863
331 881
331 891
331 994
332 476
332 489
332 506
332 510
332 511
332 636
332 688
332 801
332 968
333 352
333 380
333 694
334 68
334 458
334 551
334 852
334 970
334 978
335 368
335 425
335 445
335 466
335 521
335 589
335 643
335 670
335 771
335 837
336 29
336 248
336 427
336 471
336 508
336 718
336 747
336 808
336 823
336 849
336 928
337 828
338 359
338 363
338 384
338 410
338 840
338 889
339 170
339 342
339 637
339 821
339 942
340 432
340 513
340 754
340 791
340 994
341 421
341 494
341 496
341 597
341 661
342 218
342 637
342 758
342 942
343 183
343 810
343 945
344 258
344 534
344 680
344 749
344 905
345 482
345 550
345 569
345 872
345 945
346 377
346 444
346 475
346 830
346 933
347 85
347 647
347 972
348 136
348 146
348 290
348 325
348 455
348 663
348 720
348 745
348 807
348 950
349 411
349 621
349 734
349 735
349 806
350 194
350 393
350 416
350 419
350 522
350 586
350 616
350 669
350 715
350 805
350 932
350 958
351 428
351 456
351 460
351 537
351 584
351 708
351 779
351 917
352 387
352 724
353 413
353 740
353 831
354 536
354 697
354 739
354 777
355 592
355 773
355 869
355 960
355 996
356 282
356 702
357 34
357 421
357 480
357 597
357 611
357 714
357 873
358 32
358 104
358 386
358 407
358 462
358 485
358 573
358 649
359 384
359 410
359 840
359 889
360 124
360 391
360 400
360 447
360 704
360 705
360 730
360 982
361 402
361 659
361 742
361 812
362 171
362 949
363 384
363 410
363 512
363 889
363 904
364 60
364 107
364 175
364 451
364 595
364 756
364 787
364 921
364 930
365 53
365 220
365 423
365 495
365 641
365 693
365 770
365 915
365 952
366 299
366 309
366 570
366 614
366 640
366 866
366 975
367 408
367 498
367 593
367 656
367 898
368 466
368 589
368 771
368 811
368 837
368 903
369 176
369 554
369 631
369 642
369 753
369 782
369 820
369 906
370 378
370 405
370 422
370 580
370 766
370 825
370 918
370 922
371 429
371 542
371 719
371 979
372 438
372 619
372 706
372 923
372 941
372 972
373 736
373 804
373 886
374 120
374 124
374 382
374 391
374 447
374 856
375 404
375 545
375 665
375 667
375 707
375 713
375 895
376 519
376 781
376 897
376 967
377 444
377 560
377 628
377 716
377 789
377 830
377 883
377 933
378 114
378 580
378 766
378 825
378 835
378 922
379 216
379 394
379 712
379 904
379 908
379 989
380 147
380 694
381 498
381 503
381 613
381 723
381 755
382 398
382 447
382 572
382 819
382 851
382 856
382 953
383 241
383 493
383 495
383 915
384 138
384 410
384 840
384 889
385 388
385 414
385 420
385 452
385 528
385 603
385 800
385 943
386 405
386 422
386 485
386 526
386 573
386 598
386 713
386 727
386 824
387 154
387 711
387 970
388 117
388 414
388 452
388 528
388 603
388 634
388 672
388 800
388 879
388 943
389 433
389 442
389 468
389 502
389 532
389 548
389 633
389 738
389 878
389 882
390 81
390 191
390 816
390 875
390 916
390 995
391 400
391 447
391 540
391 982
392 605
392 648
392 677
392 722
392 832
392 834
392 938
392 964
393 188
393 522
393 586
393 625
393 669
393 805
393 860
393 932
393 958
394 492
394 904
394 908
394 965
395 139
395 239
395 260
395 553
395 565
395 696
395 867
395 909
396 464
396 687
396 785
396 992
397 194
397 393
397 480
397 522
397 547
397 586
397 625
397 669
397 857
397 873
397 926
397 983
398 496
398 572
398 817
398 819
399 197
399 491
399 689
399 728
399 776
399 803
399 861
399 870
399 969
399 976
400 31
400 296
400 540
400 577
400 982
401 56
401 530
401 954
402 55
402 478
402 488
402 742
402 917
403 202
403 470
403 505
403 602
403 651
403 703
404 525
404 526
404 545
404 573
404 598
404 623
404 667
404 713
404 824
404 895
405 113
405 422
405 526
405 573
405 598
405 725
405 727
405 824
405 918
406 100
406 616
406 665
406 667
406 707
406 786
406 983
407 472
407 596
407 649
408 171
408 288
408 381
408 498
408 503
408 593
408 656
408 898
409 22
409 425
409 881
409 935
410 840
410 889
411 97
411 734
411 735
411 741
412 365
412 458
412 551
412 641
412 770
412 772
412 952
413 417
413 740
413 767
413 902
414 420
414 452
414 517
414 527
414 528
414 603
414 634
414 800
414 943
415 345
415 550
415 872
415 955
416 45
416 226
416 393
416 406
416 522
416 616
416 667
416 715
416 748
416 805
416 932
417 147
417 424
417 435
417 474
417 682
417 740
417 762
417 767
417 902
417 955
417 966
418 96
418 259
418 450
418 542
418 691
418 818
418 979
419 645
419 764
419 860
419 998
420 452
420 527
420 603
420 800
421 480
421 547
421 597
421 611
421 661
421 714
422 573
422 598
422 725
422 727
422 766
422 824
422 918
423 98
423 277
423 412
423 641
423 693
424 99
424 353
424 387
424 711
424 831
425 230
425 258
425 322
425 500
425 670
425 723
425 837
426 316
426 504
426 709
426 838
427 471
427 508
427 567
427 747
427 808
427 823
427 849
427 946
428 437
428 460
428 779
428 842
429 486
429 542
429 662
429 690
429 833
429 880
429 979
430 535
430 632
430 638
430 648
430 677
430 704
430 722
430 927
430 973
431 46
431 272
431 509
431 601
431 610
431 737
431 787
431 896
432 108
432 445
432 487
432 670
432 791
432 930
432 951
433 25
433 468
433 532
433 548
433 633
433 701
433 738
433 878
433 993
434 24
434 574
434 676
434 726
434 900
435 474
435 762
435 955
436 453
436 712
436 981
437 635
437 796
437 884
437 899
438 706
438 923
438 941
438 972
439 531
439 715
439 925
439 998
440 94
440 280
440 514
440 525
440 587
440 874
441 47
441 246
441 465
441 491
441 560
441 571
441 689
441 698
441 710
441 731
441 799
441 803
441 870
441 919
441 969
441 976
442 633
442 931
443 484
443 543
443 695
443 744
443 757
443 802
444 11
444 314
444 364
444 451
444 475
444 756
444 830
444 921
444 933
445 487
445 670
446 623
446 679
447 140
447 572
447 730
447 819
447 856
447 953
448 116
448 192
448 456
448 464
448 584
448 673
448 741
448 924
449 109
449 806
449 827
450 523
450 570
450 609
450 736
450 818
450 839
451 463
451 756
451 830
451 944
452 527
452 528
452 603
452 800
452 943
452 985
453 492
453 585
453 620
453 908
454 431
454 509
454 737
454 754
454 822
454 896
454 994
455 18
455 663
455 720
455 745
455 807
455 950
456 317
456 537
456 584
456 829
456 917
457 550
457 685
457 916
457 995
458 423
458 641
458 952
459 484
459 539
459 546
459 590
459 591
459 681
459 695
459 912
459 913
459 920
459 975
460 537
460 584
460 708
460 779
460 842
460 917
461 524
461 644
461 743
461 778
462 186
462 254
462 575
462 594
462 649
462 700
462 828
463 784
463 830
463 944
464 687
465 469
465 560
465 698
465 710
465 716
465 731
465 914
465 919
465 967
465 969
466 500
466 583
466 589
466 771
466 837
466 844
466 893
466 903
467 506
467 555
467 582
467 660
467 675
467 688
467 743
467 746
467 801
467 843
467 850
467 854
467 999
468 502
468 548
468 599
468 633
468 738
468 878
469 710
469 731
469 897
469 914
469 967
470 9
470 505
470 602
470 651
471 21
471 508
471 567
471 747
471 808
471 849
471 946
472 485
472 596
472 654
472 888
472 914
473 518
473 552
473 561
473 630
473 650
473 783
473 858
473 864
473 937
474 43
474 269
474 762
475 451
475 756
475 830
475 921
475 933
476 483
476 506
476 510
476 555
476 626
476 688
476 692
476 763
476 948
477 369
477 631
477 733
477 890
478 123
478 708
478 742
478 812
478 981
479 806
479 901
480 547
480 611
480 714
480 873
481 83
481 607
481 668
481 702
481 703
481 868
481 907
482 221
482 569
482 685
483 467
483 555
483 566
483 617
483 626
483 660
483 675
483 688
483 692
483 801
483 999
484 543
484 546
484 591
484 695
484 757
484 920
485 519
485 781
485 897
485 914
486 324
486 833
486 880
486 911
487 122
487 165
487 646
487 929
487 930
487 951
487 957
488 23
488 537
489 510
489 511
489 636
489 968
490 788
490 820
491 465
491 571
491 689
491 698
491 861
491 870
491 888
491 919
491 947
491 969
491 976
492 379
492 618
492 620
492 821
492 904
492 908
493 36
493 262
493 495
493 590
493 761
494 496
494 661
494 684
494 859
495 255
495 761
495 915
496 661
496 684
496 859
497 684
498 503
498 656
498 774
498 898
499 512
499 612
499 618
499 728
499 776
499 821
500 723
500 844
501 653
501 815
501 892
501 985
502 433
502 548
502 599
502 738
502 882
502 964
503 171
503 367
503 549
503 656
503 755
503 774
504 310
504 313
504 709
504 760
504 997
505 203
505 602
505 651
506 483
506 489
506 510
506 529
506 555
506 626
506 660
506 688
506 763
506 948
506 999
507 227
507 563
507 739
507 777
507 814
507 855
507 986
508 280
508 567
508 587
508 717
508 747
508 808
508 823
508 849
509 108
509 595
509 601
509 737
509 791
509 994
510 225
510 555
510 636
510 660
510 688
510 743
510 801
510 843
510 968
511 636
511 875
512 91
512 337
512 618
513 409
513 454
513 737
513 754
513 797
513 881
513 935
513 994
514 21
514 94
514 564
514 717
514 874
514 974
515 558
515 581
515 588
515 945
516 39
516 608
516 709
516 760
516 838
516 846
516 848
516 865
516 910
516 991
516 997
517 420
517 452
517 527
517 528
517 634
517 778
517 815
517 892
517 985
518 139
518 146
518 630
518 678
518 795
518 864
518 937
518 950
519 260
519 781
519 845
519 887
519 897
519 971
520 689
520 732
520 799
520 803
520 861
520 870
520 919
520 976
521 368
521 583
521 589
521 643
521 732
521 771
521 811
522 586
522 616
522 625
522 669
522 786
522 805
522 958
522 983
523 418
523 691
523 736
524 541
524 644
524 765
524 778
525 29
525 587
525 707
526 127
526 358
526 422
526 545
526 573
526 598
526 713
526 727
526 824
526 895
527 528
527 815
527 985
528 117
528 420
528 541
528 634
528 800
528 943
528 985
529 332
529 476
529 489
529 511
529 636
529 699
529 763
529 862
530 600
530 869
530 954
531 166
531 184
531 281
531 715
531 925
532 548
532 633
532 878
532 931
533 15
533 576
533 639
533 672
533 940
534 16
534 261
534 288
534 680
534 749
534 905
535 648
535 722
535 973
536 163
536 303
536 349
536 635
536 697
536 827
536 899
536 939
537 192
537 584
537 917
538 243
538 318
538 507
538 559
538 563
538 739
538 777
538 809
538 814
538 855
538 939
538 986
539 69
539 546
539 590
539 681
539 761
539 866
539 913
540 312
540 577
540 746
540 982
540 997
541 461
541 743
541 778
541 815
541 968
542 719
542 979
543 640
543 695
543 757
543 839
543 920
544 46
544 610
544 773
544 956
545 665
545 667
545 707
545 713
546 71
546 543
546 590
546 591
546 640
546 681
546 695
546 912
546 913
546 920
547 45
547 188
547 522
547 586
547 625
547 669
547 714
547 873
547 958
547 983
548 157
548 599
548 633
548 738
548 878
548 931
548 993
549 158
549 507
549 755
549 774
549 844
550 569
550 685
551 724
551 813
551 852
551 970
551 978
552 17
552 650
552 795
552 937
553 678
553 696
553 795
553 858
553 867
553 909
553 937
553 990
554 642
554 751
554 753
554 782
554 820
554 906
555 225
555 332
555 566
555 660
555 675
555 688
555 743
555 746
555 801
555 850
555 854
555 999
556 366
556 769
556 866
556 912
557 579
557 627
557 758
557 809
558 413
558 581
558 588
558 767
558 785
558 902
558 966
559 563
559 809
559 899
559 939
560 47
560 207
560 628
560 710
560 716
560 789
560 799
560 870
560 883
560 919
561 279
561 650
561 783
562 28
562 765
562 832
562 964
563 1
563 131
563 227
563 245
563 739
563 809
563 814
563 855
563 893
563 903
563 986
564 652
564 679
564 717
564 874
564 974
565 696
565 784
565 988
566 577
566 582
566 626
566 660
566 675
566 692
566 746
566 843
566 850
566 854
566 865
566 999
567 336
567 747
567 808
567 823
567 946
568 608
568 674
568 846
568 934
568 989
568 991
569 685
569 945
570 231
570 542
570 609
570 614
570 719
570 818
570 880
570 979
571 47
571 182
571 399
571 465
571 698
571 870
571 888
571 919
571 947
571 969
572 62
572 819
572 851
572 953
573 104
573 485
573 598
573 727
573 824
573 895
574 606
574 676
574 900
575 119
575 186
575 254
575 594
575 665
575 700
575 828
575 841
575 987
576 639
576 672
576 879
577 391
577 582
577 660
577 675
577 746
577 794
577 850
577 854
577 865
577 997
577 999
578 752
578 936
579 627
579 884
580 14
580 766
580 825
580 835
580 922
581 320
581 902
581 945
582 31
582 308
582 321
582 400
582 540
582 675
582 746
582 794
582 843
582 850
582 854
582 962
583 266
583 297
583 368
583 557
583 589
583 771
583 809
583 811
583 837
584 204
584 215
586 34
586 616
586 625
586 669
586 786
586 857
586 932
586 958
586 983
587 370
587 378
587 747
587 823
587 874
587 922
588 396
588 581
588 767
588 785
588 902
588 966
589 286
589 771
589 811
589 837
590 681
590 761
591 36
591 658
591 681
591 695
591 772
591 813
591 920
592 530
592 600
592 869
592 954
592 960
592 996
593 498
593 656
593 898
594 649
594 700
594 828
594 987
595 431
595 737
595 787
595 930
596 278
596 649
597 480
597 611
597 714
598 32
598 370
598 727
598 824
598 895
599 15
599 389
599 882
600 217
600 869
600 954
600 960
601 544
601 610
601 896
602 651
602 686
602 790
603 527
603 800
603 943
604 606
604 655
604 657
604 664
605 562
605 765
605 832
605 938
605 964
606 24
606 655
606 900
607 624
607 686
607 868
608 674
608 846
608 934
608 965
608 989
608 991
609 736
609 818
609 839
610 60
610 773
610 956
611 714
611 873
612 399
612 618
612 728
612 776
612 821
612 876
612 947
613 723
613 755
613 774
614 76
614 486
614 769
614 880
615 134
615 629
615 729
615 759
615 768
616 8
616 105
616 748
616 805
616 932
616 958
617 626
617 659
617 692
617 812
617 948
617 991
618 363
618 904
619 285
619 647
619 941
620 394
620 908
621 274
621 275
621 536
621 806
622 283
622 977
623 5
623 311
623 375
623 406
623 525
623 545
623 667
623 707
624 686
624 847
624 853
625 669
625 786
625 805
625 857
625 958
625 983
626 555
626 660
626 688
626 692
626 801
626 999
627 559
627 809
628 47
628 132
628 346
628 710
628 789
628 883
629 35
629 177
629 752
629 768
629 936
630 294
630 561
630 858
630 864
630 937
631 604
631 657
631 664
631 733
631 871
631 890
631 906
632 89
632 392
632 638
632 648
632 677
632 704
632 705
632 722
632 730
632 927
632 973
633 878
633 931
634 63
634 800
634 879
634 943
635 411
635 697
635 735
635 796
635 899
635 939
636 875
636 968
637 666
637 758
637 821
637 942
638 722
638 927
638 973
639 28
639 195
639 672
639 879
639 882
640 459
640 484
640 920
640 975
641 66
641 693
641 915
641 952
642 80
642 176
642 751
642 753
642 782
642 820
642 906
643 143
643 368
643 520
643 646
643 732
643 771
644 541
645 234
645 764
645 826
645 860
645 963
646 520
646 799
646 883
646 933
646 957
648 605
648 677
648 704
648 705
648 722
648 927
649 32
649 386
649 700
649 828
650 630
650 783
650 937
651 790
652 115
652 319
652 679
652 877
652 974
653 63
653 191
653 390
653 815
653 892
653 985
654 77
654 295
654 491
654 596
654 612
654 876
654 888
654 947
655 160
655 657
655 664
655 906
656 52
656 344
656 898
656 961
657 664
657 871
657 906
658 110
658 135
658 249
658 695
658 757
658 772
658 813
659 812
659 862
660 476
660 675
660 688
660 801
660 843
660 850
660 865
660 999
661 597
661 684
661 859
662 690
662 792
662 833
662 911
663 210
663 720
663 745
663 807
665 32
665 125
665 667
665 707
665 713
665 748
666 197
666 399
666 689
666 758
667 707
667 748
668 356
668 702
668 703
668 868
668 907
669 188
669 480
669 958
670 487
670 732
670 951
671 622
671 726
672 195
672 800
672 879
673 741
673 886
673 924
674 838
674 846
674 934
674 965
674 989
674 991
675 476
675 510
675 688
675 746
675 801
675 843
675 850
675 854
675 865
675 999
676 84
676 726
676 894
676 900
677 535
677 704
677 722
677 730
677 927
677 973
678 795
678 858
678 867
678 937
678 950
678 990
679 201
679 974
680 16
680 235
680 749
680 793
680 905
681 7
681 761
681 913
682 229
682 435
682 558
682 762
682 767
682 902
682 955
682 966
683 176
683 401
683 751
684 341
684 859
685 916
686 651
686 703
686 790
686 853
686 868
687 448
687 992
688 692
688 763
688 801
688 850
688 948
689 799
689 803
689 861
689 870
689 976
690 486
690 792
690 833
690 847
690 911
691 109
691 479
691 901
692 865
692 991
693 53
693 412
693 458
693 770
693 915
693 952
694 229
694 269
695 920
696 795
696 858
696 867
696 909
697 111
697 131
697 303
697 559
697 777
697 899
697 939
698 129
698 469
698 628
698 710
698 716
698 731
698 789
698 897
699 763
699 810
699 862
699 948
700 12
700 54
700 119
700 276
700 828
700 987
701 532
701 738
701 993
702 37
702 907
703 607
703 868
703 949
704 250
704 273
704 392
704 705
704 722
704 730
704 973
705 677
705 722
705 730
705 834
706 272
706 923
706 972
707 100
707 311
707 404
707 713
708 123
708 917
708 981
709 296
709 760
709 838
709 848
709 910
709 997
710 716
710 789
710 883
710 897
711 353
711 744
711 831
711 970
712 965
713 667
713 895
714 244
715 925
715 932
716 47
716 207
716 628
716 731
716 789
717 115
717 718
717 823
718 823
718 849
718 928
719 259
719 429
719 979
720 745
720 807
721 22
721 797
721 891
721 994
722 927
722 973
723 755
723 774
723 935
724 852
724 970
725 580
725 766
725 825
725 885
725 918
726 622
726 894
726 959
727 713
727 824
728 776
728 821
728 947
729 629
729 745
729 768
730 312
730 817
730 819
731 47
731 278
731 376
731 710
731 897
731 914
731 967
731 969
732 589
732 771
732 957
733 664
733 871
733 890
733 906
734 192
734 735
734 829
735 536
735 899
736 293
736 804
736 886
737 340
737 601
737 754
737 787
737 791
737 994
738 599
738 878
738 964
739 206
739 227
739 777
739 814
739 855
739 986
740 292
740 424
740 558
740 588
740 682
740 762
740 767
740 785
740 902
740 966
741 829
741 886
741 924
742 659
742 812
743 58
743 321
743 332
743 506
743 801
743 843
743 854
743 968
744 757
744 831
745 298
746 58
746 225
746 400
746 660
746 794
746 843
746 850
746 854
746 982
746 999
747 284
747 378
747 808
747 823
747 849
747 922
748 105
748 119
748 805
748 841
748 932
749 22
749 235
749 793
749 905
750 73
751 753
751 984
752 946
753 782
753 820
754 509
754 791
754 994
755 322
755 500
755 774
755 844
756 921
757 71
757 695
757 802
758 218
758 297
759 169
759 177
759 290
759 729
759 835
760 577
760 838
760 846
760 848
760 865
760 910
760 997
761 61
762 413
762 558
762 767
762 966
763 862
763 948
764 860
764 925
764 963
764 998
765 832
766 280
766 825
766 835
766 922
767 99
767 300
767 435
767 902
767 955
767 966
768 752
768 759
769 366
769 866
769 912
770 772
770 813
770 952
771 230
771 811
771 837
772 66
772 135
772 813
773 151
773 956
773 996
774 243
774 381
774 408
775 8
775 575
775 700
775 828
775 841
775 987
776 821
776 942
776 947
777 163
777 536
777 814
777 986
778 743
778 968
779 537
779 584
779 708
779 842
779 917
780 91
780 384
780 889
781 469
781 845
781 897
781 914
781 971
782 193
782 247
782 751
782 820
782 906
783 168
783 552
783 630
783 937
784 988
785 305
785 902
785 992
786 547
786 616
786 669
786 805
786 857
786 877
786 958
786 983
787 175
787 327
787 601
788 24
788 820
789 132
789 883
790 470
790 624
791 102
791 513
792 833
792 911
793 38
793 322
793 409
793 881
793 935
794 289
794 308
794 644
794 843
794 850
794 854
794 962
795 279
795 630
795 858
795 864
795 867
795 909
795 937
796 163
796 428
796 735
796 899
796 939
797 454
797 754
797 793
797 881
797 891
797 994
798 248
798 284
798 471
798 928
798 946
799 491
799 628
799 803
799 870
799 883
799 919
799 969
799 976
800 195
800 329
800 527
800 879
800 943
801 506
801 566
801 843
801 850
802 543
802 818
802 839
803 491
803 861
803 870
803 883
803 919
803 976
804 101
804 886
805 156
805 406
805 586
805 715
805 932
805 958
806 96
806 827
806 901
807 745
807 950
807 980
808 823
808 849
808 922
809 118
809 589
809 893
809 986
810 183
810 945
811 118
812 72
813 135
813 161
813 196
814 243
814 318
814 559
814 809
814 855
814 986
815 191
815 267
815 329
815 528
815 892
815 985
816 457
816 875
816 916
816 995
817 632
817 819
818 137
818 839
818 979
819 851
819 856
820 193
820 906
821 942
822 102
822 863
822 896
823 471
823 849
824 113
824 895
825 14
825 835
825 918
826 419
826 764
826 851
826 963
827 354
827 697
828 119
828 987
829 411
829 584
829 735
829 924
830 756
830 784
830 921
830 988
832 271
832 648
832 938
832 964
833 911
834 605
834 962
835 87
835 922
836 490
836 891
836 984
837 266
837 521
837 844
837 903
838 608
838 840
838 846
838 934
838 965
838 989
839 443
840 91
840 326
840 363
840 889
840 989
841 594
841 828
841 987
842 351
842 437
843 850
843 854
843 968
844 243
844 855
844 893
844 903
845 885
845 887
845 971
846 848
846 865
846 910
846 934
846 989
846 991
847 686
847 853
848 39
848 504
848 608
848 838
848 865
848 910
848 991
848 997
849 567
850 854
850 999
851 419
851 645
851 856
851 953
851 963
852 970
852 978
853 83
853 270
853 607
854 660
854 801
854 962
855 1
855 893
855 903
855 986
856 953
857 522
857 669
857 877
857 926
857 983
858 42
858 239
858 518
858 552
858 867
858 909
858 937
860 3
860 45
860 531
860 925
860 932
860 998
861 129
861 870
861 919
861 976
862 948
863 600
863 896
864 294
864 937
864 980
865 296
865 746
865 910
865 991
865 997
865 999
866 640
866 912
866 975
867 909
867 990
868 64
868 202
868 702
869 217
869 954
869 960
870 919
870 969
870 976
871 477
871 890
872 221
872 550
872 569
872 955
873 714
873 926
874 21
874 115
874 525
875 267
875 995
876 295
876 399
876 728
876 776
876 888
876 947
876 969
877 926
878 442
878 701
878 931
878 993
879 533
880 76
880 232
880 833
880 911
881 721
881 935
881 994
882 468
882 940
883 346
883 919
883 933
884 842
885 222
885 405
885 887
885 918
885 971
887 70
887 222
887 725
887 918
887 971
888 399
888 465
888 947
888 969
890 369
891 38
891 749
892 267
892 390
892 489
892 985
893 111
893 538
893 583
893 589
893 814
893 903
893 986
894 84
894 167
894 434
894 622
894 959
895 100
895 545
895 727
896 102
896 610
896 994
897 914
897 967
898 73
898 362
899 227
899 939
900 894
901 97
901 418
902 762
902 966
903 583
903 809
903 986
905 261
905 961
906 604
906 664
906 753
908 339
909 937
910 566
910 934
910 991
910 997
912 539
912 913
912 975
913 484
913 590
913 591
913 920
913 975
914 376
914 967
915 423
916 995
917 584
917 981
918 70
918 766
919 47
919 689
919 698
919 976
920 757
920 912
920 975
921 178
921 327
921 346
921 451
921 929
922 169
922 823
922 825
923 941
923 972
924 240
925 156
925 350
925 932
925 998
927 973
929 165
929 646
929 951
929 957
930 143
930 670
930 921
930 929
930 951
931 389
931 433
931 468
932 522
933 178
933 560
933 929
934 516
934 989
934 991
935 425
935 613
938 25
938 502
938 562
938 738
938 964
939 206
939 354
939 814
940 639
941 647
941 944
941 972
942 620
942 728
942 908
943 329
944 6
946 87
947 77
947 499
947 969
948 483
948 529
948 659
949 403
950 663
950 980
951 165
951 445
951 595
952 334
952 423
952 551
955 150
955 305
956 923
956 972
957 643
957 933
957 951
958 105
958 397
958 416
958 932
958 983
959 977
960 46
960 773
961 593
961 977
962 58
962 225
962 312
962 400
962 577
962 982
963 62
963 194
963 419
963 953
964 149
964 273
964 535
965 379
965 934
965 989
966 150
966 300
966 353
966 413
966 785
966 955
967 485
967 781
968 225
968 461
968 801
969 278
970 978
974 201
974 319
975 543
975 546
975 614
975 769
977 726
979 309
979 691
980 279
981 351
981 585
982 296
982 577
982 794
983 86
983 393
983 669
983 877
984 193
984 242
985 191
986 243
986 844
987 462
988 395
988 463
990 200
990 696
991 310
992 673
993 532
994 102
994 431
996 304
996 960
997 310
997 566
997 846
998 26
998 120
998 350
998 531
998 645
998 715
999 476
999 688
999 692
999 843
999 854
