# Undirected graph (each unordered pair of nodes is saved once): smallworld.txt
# Watts-Strogatz Small-world model. Every node links to K other nodes.
# Nodes: 1000 Edges: 4000
# NodeId	NodeId
0	1
0	2
0	3
0	4
0	996
0	997
0	998
0	999
1	2
1	3
1	4
1	5
1	997
1	999
2	3
2	5
2	6
2	287
2	457
2	998
2	999
3	4
3	5
3	6
3	7
3	999
4	5
4	7
4	8
4	178
5	6
5	7
5	9
5	193
6	7
6	8
6	9
6	10
7	8
7	9
7	10
7	11
7	776
8	9
8	10
8	11
8	12
9	10
9	11
9	12
9	13
9	995
10	11
10	13
10	101
10	211
10	652
11	12
11	13
11	14
11	15
12	13
12	14
12	15
12	620
13	14
13	15
13	16
13	17
14	15
14	16
14	17
14	18
15	16
15	18
15	19
15	156
15	723
16	17
16	18
16	19
16	20
17	18
17	19
17	20
17	21
17	357
18	19
18	20
18	21
18	22
19	20
19	21
19	22
19	23
19	944
20	21
20	22
20	23
20	24
21	22
21	23
21	24
21	25
22	23
22	25
22	26
22	315
23	24
23	26
23	27
23	119
23	600
24	25
24	26
24	27
24	28
24	94
25	26
25	27
25	28
25	29
26	27
26	29
26	30
26	865
27	28
27	29
27	30
27	100
28	29
28	30
28	31
28	32
29	31
29	32
29	33
29	795
30	31
30	32
30	33
30	34
31	32
31	33
31	34
31	35
32	33
32	34
32	36
32	801
33	34
33	35
33	36
33	37
34	35
34	36
34	37
34	38
34	202
35	36
35	37
35	39
35	703
36	38
36	39
36	134
36	941
37	38
37	39
37	41
37	432
38	39
38	40
38	41
38	42
39	41
39	42
39	43
39	231
40	41
40	42
40	43
40	44
40	121
41	42
41	43
41	44
41	45
42	43
42	44
42	45
42	854
43	44
43	45
43	47
43	241
43	879
44	45
44	46
44	47
44	48
45	47
45	49
45	397
45	497
46	47
46	49
46	50
46	558
46	734
47	48
47	49
47	50
47	51
48	50
48	51
48	52
48	792
49	50
49	51
49	52
49	53
50	51
50	52
50	53
50	54
50	297
51	53
51	54
51	55
51	125
51	323
51	682
52	53
52	54
52	55
52	56
53	54
53	55
53	56
53	57
53	592
54	55
54	56
54	57
54	58
54	630
55	56
55	57
55	58
55	59
56	57
56	59
56	60
56	750
57	58
57	59
57	60
57	61
57	79
58	60
58	61
58	62
58	286
59	60
59	61
59	62
59	63
60	62
60	63
60	64
60	761
61	64
61	65
61	440
61	575
62	63
62	64
62	65
62	66
63	64
63	65
63	66
63	241
64	65
64	66
64	67
64	68
65	66
65	67
65	68
65	866
66	67
66	68
66	69
66	70
66	459
67	68
67	69
67	70
67	71
68	69
68	70
68	71
68	72
69	70
69	71
69	72
69	73
70	71
70	72
70	73
70	74
70	291
71	72
71	73
71	75
71	221
72	73
72	74
72	75
72	76
73	74
73	75
73	76
73	77
74	76
74	78
74	357
74	682
75	76
75	77
75	78
75	79
76	77
76	79
76	80
76	659
77	78
77	79
77	80
77	81
78	79
78	81
78	82
78	217
79	81
79	82
79	83
80	81
80	82
80	83
80	84
81	82
81	83
81	84
81	85
82	83
82	84
82	85
82	86
82	360
83	84
83	85
83	86
83	87
83	387
84	85
84	86
84	87
84	88
85	86
85	87
85	89
85	204
86	87
86	88
86	89
86	90
87	88
87	89
87	90
87	91
88	89
88	90
88	91
88	92
89	90
89	91
89	92
89	93
90	91
90	92
90	93
90	94
90	556
91	92
91	93
91	95
91	589
92	93
92	94
92	95
92	96
92	445
93	94
93	95
93	96
93	97
93	422
94	95
94	96
94	98
95	96
95	97
95	98
95	99
95	368
96	98
96	99
96	100
96	974
97	98
97	99
97	100
97	101
98	99
98	100
98	101
98	102
99	101
99	102
99	103
99	171
99	841
100	101
100	103
100	104
100	296
100	612
101	102
101	103
101	104
101	105
101	120
101	598
102	103
102	104
102	105
102	176
102	255
103	104
103	105
103	106
103	107
104	105
104	107
104	108
104	939
105	106
105	107
105	108
105	109
106	107
106	108
106	109
106	110
106	899
107	108
107	109
107	110
107	111
108	109
108	110
108	112
108	978
109	110
109	111
109	112
109	113
110	111
110	112
110	113
110	114
110	993
111	112
111	113
111	114
111	115
111	886
112	113
112	114
112	115
112	116
112	605
112	712
113	114
113	115
113	116
113	117
114	115
114	116
114	117
114	118
115	117
115	118
115	119
115	384
115	492
116	117
116	118
116	309
116	511
117	118
117	119
117	120
117	121
118	119
118	120
118	121
118	122
119	120
119	122
119	123
120	121
120	122
120	124
120	253
120	532
121	123
121	124
121	125
121	227
122	123
122	124
122	125
122	126
123	124
123	125
123	126
123	446
123	588
124	125
124	126
124	127
124	128
125	126
125	128
125	598
126	127
126	128
126	129
126	130
127	128
127	129
127	130
127	131
127	549
128	129
128	130
128	131
128	132
129	130
129	132
129	133
129	531
130	131
130	132
130	133
130	134
131	132
131	133
131	134
131	135
132	133
132	134
132	135
132	136
133	134
133	135
133	136
133	137
133	369
134	135
134	136
134	137
134	138
135	136
135	137
135	139
135	655
135	701
136	137
136	138
136	139
136	140
137	138
137	139
137	140
137	923
138	139
138	140
138	141
138	142
139	140
139	141
139	142
139	143
139	448
140	141
140	142
140	143
140	144
141	143
141	144
141	145
141	164
141	233
142	143
142	144
142	145
142	146
143	144
143	145
143	146
143	147
143	695
144	145
144	147
144	148
144	293
145	147
145	148
145	149
145	173
146	147
146	148
146	150
146	705
147	148
147	149
147	150
147	151
148	149
148	150
148	151
148	152
149	151
149	152
149	153
149	398
149	958
150	151
150	152
150	153
150	154
151	152
151	153
151	154
151	155
152	153
152	154
152	155
152	156
152	987
153	154
153	155
153	156
153	157
154	155
154	156
154	157
154	158
155	156
155	157
155	158
155	159
155	535
156	157
156	158
156	159
157	158
157	159
157	160
157	161
158	159
158	160
158	161
158	162
159	161
159	162
159	163
159	439
159	477
160	161
160	162
160	163
160	164
160	348
161	162
161	163
161	164
161	165
162	163
162	165
162	166
162	803
163	164
163	165
163	166
163	167
164	165
164	167
164	168
164	550
165	166
165	167
165	168
165	169
166	167
166	168
166	169
166	170
167	168
167	169
167	170
167	171
168	169
168	171
168	172
168	912
169	170
169	171
169	172
169	173
169	363
170	171
170	172
170	173
170	174
170	497
171	172
171	173
171	175
172	173
172	174
172	175
172	176
173	174
173	175
173	176
173	177
173	221
174	175
174	176
174	177
174	178
175	176
175	177
175	178
175	179
176	178
176	179
176	180
177	178
177	179
177	180
177	181
178	179
178	180
178	181
178	182
178	909
179	180
179	181
179	182
179	183
179	714
180	181
180	182
180	183
180	184
180	750
181	183
181	184
181	185
181	783
182	183
182	184
182	185
182	186
183	184
183	185
183	186
183	187
184	185
184	186
184	187
184	188
185	186
185	187
185	188
185	189
186	187
186	188
186	189
186	190
186	801
187	188
187	189
187	190
187	195
188	189
188	191
188	192
188	380
188	617
189	190
189	191
189	192
189	193
190	193
190	194
190	301
190	506
190	990
191	192
191	193
191	194
191	195
192	193
192	194
192	195
192	196
193	194
193	196
193	197
193	607
193	694
193	960
194	195
194	196
194	197
194	198
194	266
195	197
195	198
195	199
195	513
196	197
196	198
196	199
196	200
197	198
197	199
197	200
197	201
197	377
198	199
198	200
198	201
198	202
199	200
199	201
199	202
199	203
200	201
200	202
200	203
200	204
200	492
200	625
201	202
201	203
201	204
201	205
202	203
202	204
202	205
203	204
203	205
203	206
203	207
204	205
204	206
204	207
204	208
205	206
205	207
205	208
205	209
206	207
206	208
206	209
206	210
206	261
207	208
207	209
207	210
207	211
208	209
208	210
208	211
208	212
209	211
209	212
209	213
209	594
210	211
210	212
210	213
210	214
211	212
211	213
211	215
211	797
212	213
212	214
212	215
212	216
213	214
213	215
213	216
213	217
214	215
214	216
214	217
214	218
214	790
214	868
215	216
215	217
215	218
215	219
216	217
216	218
216	219
216	220
216	627
216	793
217	218
217	219
217	220
217	221
218	219
218	220
218	221
218	222
219	220
219	221
219	222
219	223
220	221
220	222
220	223
220	224
221	222
221	223
221	225
222	223
222	224
222	225
222	226
223	224
223	225
223	226
223	227
223	279
223	454
224	225
224	226
224	227
224	228
225	226
225	227
225	228
225	229
226	227
226	228
226	229
226	230
227	228
227	230
227	231
228	229
228	230
228	231
228	232
228	319
229	230
229	231
229	232
229	233
230	231
230	232
230	233
230	234
231	233
231	234
231	235
231	498
231	804
231	901
232	233
232	234
232	235
232	236
233	234
233	236
233	237
234	235
234	236
234	237
234	238
234	838
235	236
235	237
235	239
235	933
236	238
236	239
236	240
236	895
237	238
237	239
237	241
237	661
238	239
238	240
238	241
238	242
238	392
238	407
238	465
239	240
239	241
239	242
239	243
240	241
240	242
240	243
240	244
241	242
241	244
241	245
241	562
242	243
242	244
242	245
242	246
243	244
243	246
243	247
243	829
244	245
244	246
244	247
244	515
245	246
245	247
245	248
245	249
245	466
246	247
246	248
246	249
246	250
246	808
247	248
247	249
247	250
247	969
248	249
248	250
248	251
248	252
249	250
249	251
249	252
249	253
250	252
250	253
250	254
250	913
251	253
251	254
251	255
251	931
252	253
252	254
252	255
252	256
253	254
253	255
253	256
254	255
254	256
254	257
254	258
255	256
255	257
255	258
255	465
256	257
256	258
256	259
256	260
256	339
257	258
257	259
257	261
257	724
258	259
258	260
258	261
258	262
259	261
259	262
259	263
259	535
259	912
260	261
260	262
260	263
260	264
261	262
261	265
261	822
262	263
262	264
262	265
262	266
262	515
262	808
262	857
263	264
263	265
263	266
263	267
263	309
264	265
264	266
264	267
264	541
265	266
265	267
265	268
265	269
266	267
266	268
266	270
267	268
267	269
267	270
267	878
268	269
268	270
268	271
268	272
269	270
269	271
269	272
269	273
270	271
270	273
270	274
270	898
271	272
271	273
271	274
271	275
271	981
272	273
272	275
272	276
272	952
273	274
273	275
273	276
273	277
274	275
274	276
274	277
274	278
274	318
275	276
275	277
275	278
275	279
276	277
276	278
276	279
276	280
277	278
277	279
277	280
277	281
278	279
278	280
278	281
278	282
279	281
279	282
279	283
280	281
280	282
280	283
280	528
281	282
281	283
281	284
281	285
282	283
282	284
282	285
282	884
283	284
283	285
283	286
283	287
284	285
284	286
284	287
284	288
285	286
285	287
285	288
285	289
285	915
286	287
286	288
286	289
286	290
287	288
287	289
287	290
287	291
288	289
288	290
288	291
288	292
289	290
289	291
289	292
289	293
290	291
290	292
290	293
290	294
291	293
291	294
291	295
292	293
292	294
292	295
292	296
293	294
293	295
293	296
293	297
294	295
294	296
294	297
294	794
295	296
295	297
295	298
295	299
296	298
296	299
296	300
296	346
297	298
297	299
297	301
298	299
298	301
298	302
298	397
298	677
298	896
299	300
299	301
299	302
299	303
299	651
300	301
300	302
300	303
300	991
301	302
301	304
301	305
301	512
302	303
302	304
302	306
302	609
302	712
303	304
303	305
303	306
303	307
304	305
304	306
304	307
304	308
305	306
305	307
305	308
305	309
306	307
306	308
306	309
306	310
307	308
307	309
307	310
307	311
308	309
308	310
308	311
308	312
308	617
309	311
309	312
309	313
310	311
310	312
310	313
310	314
310	680
311	312
311	313
311	315
311	464
312	313
312	314
312	315
312	316
313	314
313	315
313	316
313	317
313	982
314	315
314	316
314	317
314	318
314	826
315	316
315	317
315	318
315	319
316	317
316	318
316	319
316	320
317	318
317	319
317	320
317	321
318	319
318	320
318	321
319	320
319	321
319	322
320	321
320	322
320	323
320	324
321	322
321	323
321	324
321	325
321	983
322	323
322	325
322	326
322	478
323	324
323	325
323	326
323	327
324	325
324	326
324	327
324	328
325	327
325	328
325	329
325	375
326	327
326	328
326	329
326	330
327	328
327	329
327	330
327	331
328	329
328	330
328	331
328	332
329	330
329	331
329	332
329	333
330	331
330	332
330	333
330	334
331	332
331	333
331	334
331	335
332	334
332	335
332	336
332	712
333	334
333	335
333	336
333	337
334	335
334	337
334	338
334	412
335	336
335	337
335	338
335	339
336	337
336	338
336	339
336	340
336	446
336	597
336	869
337	338
337	339
337	340
337	341
337	941
338	339
338	340
338	342
338	405
339	340
339	343
339	897
340	341
340	343
340	344
340	514
340	976
341	342
341	343
341	344
341	345
341	825
342	343
342	344
342	345
342	346
343	344
343	345
343	346
343	347
344	345
344	347
344	348
344	545
345	346
345	347
345	348
345	349
345	791
346	347
346	349
346	350
347	348
347	349
347	350
347	351
347	853
348	349
348	350
348	352
348	383
349	350
349	351
349	352
349	353
349	505
350	351
350	352
350	353
350	354
351	352
351	353
351	354
351	355
352	353
352	354
352	485
352	627
352	677
352	843
353	354
353	355
353	356
353	357
354	355
354	356
354	357
354	358
355	356
355	357
355	358
355	359
356	357
356	358
356	359
356	360
357	358
357	360
357	871
358	359
358	360
358	361
358	362
358	576
359	360
359	361
359	362
359	363
360	361
360	362
360	364
361	362
361	363
361	364
361	365
362	363
362	364
362	365
362	366
363	364
363	365
363	366
363	531
364	365
364	366
364	367
364	368
365	366
365	367
365	368
365	369
366	367
366	368
366	369
366	370
366	549
366	750
367	368
367	369
367	370
367	371
367	554
368	369
368	370
368	371
369	370
369	371
369	373
370	371
370	372
370	373
370	374
371	372
371	373
371	374
371	375
372	373
372	374
372	376
372	597
373	374
373	375
373	376
373	377
374	375
374	376
374	377
374	378
375	376
375	377
375	378
375	379
376	377
376	378
376	379
376	380
377	379
377	381
377	787
378	379
378	380
378	381
378	382
379	380
379	381
379	382
379	383
380	381
380	382
380	383
380	384
381	382
381	383
381	384
381	385
382	383
382	384
382	385
382	386
383	385
383	386
383	387
384	385
384	387
384	388
385	386
385	387
385	388
385	389
386	387
386	388
386	389
386	390
387	388
387	391
387	400
388	389
388	390
388	391
388	392
389	390
389	391
389	392
389	393
389	514
390	392
390	393
390	394
390	552
391	392
391	393
391	394
391	395
392	393
392	396
392	728
393	394
393	395
393	396
393	491
393	735
394	395
394	396
394	398
394	424
395	397
395	398
395	399
395	903
396	397
396	398
396	399
396	973
397	398
397	399
397	401
398	399
398	400
398	401
399	400
399	401
399	402
399	403
400	401
400	402
400	403
400	404
401	402
401	403
401	404
401	405
402	403
402	405
402	406
402	606
403	404
403	405
403	406
403	407
404	405
404	406
404	407
404	408
405	406
405	407
405	408
405	409
406	408
406	409
406	410
406	705
407	409
407	410
407	411
407	556
408	409
408	410
408	411
408	412
408	812
409	410
409	411
409	412
409	436
410	411
410	412
410	413
410	414
411	412
411	413
411	414
411	415
411	844
412	413
412	414
412	415
412	416
413	414
413	417
413	443
413	745
414	415
414	416
414	417
414	418
414	670
415	417
415	418
415	419
415	420
416	417
416	418
416	419
416	420
417	418
417	419
417	420
417	421
418	419
418	420
418	421
418	422
419	420
419	421
419	422
419	423
420	421
420	422
420	423
420	424
421	422
421	423
421	424
421	425
422	423
422	424
422	426
423	424
423	425
423	426
423	427
424	425
424	426
424	428
424	439
424	568
425	426
425	427
425	428
425	429
426	427
426	428
426	430
426	759
427	428
427	429
427	430
427	431
428	429
428	430
428	431
428	432
429	430
429	431
429	432
429	433
429	836
430	431
430	432
430	434
430	603
431	432
431	433
431	434
431	435
432	433
432	434
432	435
432	436
433	434
433	435
433	436
433	437
433	552
434	435
434	436
434	437
434	438
435	436
435	437
435	438
435	439
435	578
436	437
436	439
436	440
436	892
437	438
437	439
437	440
437	441
438	439
438	440
438	441
438	442
439	440
439	441
439	443
440	441
440	442
440	443
440	444
440	615
441	442
441	443
441	444
441	445
442	443
442	444
442	445
442	446
442	702
442	970
443	444
443	446
443	447
443	867
444	445
444	446
444	447
444	448
444	995
445	447
445	448
445	449
446	447
446	449
446	450
447	448
447	450
447	451
447	750
448	449
448	450
448	452
449	450
449	451
449	452
449	453
449	507
450	451
450	452
450	453
450	454
451	452
451	453
451	454
451	455
452	453
452	454
452	455
452	456
453	454
453	455
453	456
453	457
454	455
454	456
454	458
455	456
455	457
455	458
455	459
456	457
456	458
456	459
456	460
457	460
457	461
457	857
458	459
458	460
458	461
458	462
459	460
459	461
459	462
459	479
460	461
460	462
460	463
460	927
461	462
461	463
461	464
461	465
461	984
462	463
462	691
462	706
462	951
463	464
463	465
463	466
463	467
464	465
464	466
464	468
464	591
464	947
465	466
465	468
465	469
466	467
466	468
466	470
466	485
467	468
467	469
467	470
467	471
467	512
468	469
468	470
468	471
468	472
469	470
469	472
469	473
469	950
470	471
470	472
470	473
470	474
471	473
471	474
471	475
471	649
472	473
472	474
472	475
472	476
473	474
473	476
473	477
473	547
474	476
474	477
474	478
474	993
475	476
475	477
475	478
475	479
476	477
476	478
476	479
476	480
477	478
477	479
477	480
477	481
477	607
477	616
478	479
478	480
478	481
478	482
479	480
479	481
479	483
480	481
480	482
480	483
480	484
481	482
481	483
481	484
481	838
482	483
482	484
482	485
482	486
483	484
483	485
483	486
483	487
484	485
484	486
484	487
484	488
485	487
485	488
486	487
486	488
486	489
486	490
487	488
487	489
487	490
487	491
488	489
488	491
488	492
488	892
489	490
489	491
489	492
489	493
490	491
490	492
490	493
490	494
491	492
491	493
491	494
492	494
492	495
492	496
492	992
493	494
493	495
493	496
493	497
494	495
494	496
494	497
494	498
494	943
495	496
495	497
495	498
495	499
496	497
496	498
496	499
496	500
497	498
497	500
497	501
498	499
498	500
498	501
498	740
499	500
499	501
499	502
499	503
499	958
500	501
500	502
500	503
500	504
501	502
501	503
501	504
501	505
502	503
502	504
502	505
502	506
503	504
503	505
503	506
503	507
504	505
504	506
504	507
504	508
505	506
505	507
505	509
505	638
506	507
506	508
506	509
506	510
507	509
507	510
507	511
508	509
508	510
508	511
508	512
508	778
509	510
509	511
509	512
509	513
510	511
510	512
510	513
510	514
511	512
511	513
511	514
511	515
512	513
512	514
512	516
513	514
513	515
513	517
513	768
513	983
514	515
514	516
514	517
515	517
515	518
515	519
515	998
516	517
516	518
516	519
516	520
517	518
517	519
517	520
517	521
518	519
518	520
518	521
518	522
519	520
519	521
519	522
519	523
520	521
520	522
520	523
520	524
520	807
521	522
521	523
521	524
521	525
522	523
522	524
522	525
522	851
523	524
523	525
523	526
523	527
524	525
524	526
524	527
524	528
525	526
525	527
525	528
525	529
526	527
526	528
526	529
526	530
526	788
527	528
527	529
527	530
527	531
528	529
528	530
528	531
528	532
529	530
529	531
529	532
529	533
530	532
530	533
530	534
530	921
531	533
531	534
531	535
532	533
532	534
532	535
533	534
533	535
533	536
533	537
534	535
534	536
534	537
534	538
535	537
535	539
536	537
536	538
536	539
536	540
537	538
537	539
537	540
537	541
537	575
538	539
538	541
538	542
538	667
538	777
538	820
539	540
539	541
539	542
539	543
540	541
540	543
540	544
540	997
541	542
541	543
541	544
541	545
542	543
542	544
542	545
542	546
543	544
543	545
543	546
543	547
544	545
544	546
544	547
544	548
545	546
545	547
545	548
545	549
546	547
546	548
546	549
546	550
547	548
547	549
547	550
547	551
548	549
548	550
548	551
548	552
549	550
549	552
550	551
550	552
550	553
550	554
551	552
551	553
551	554
551	555
552	553
552	554
552	556
553	554
553	555
553	556
553	557
554	555
554	556
554	557
555	556
555	557
555	558
555	559
556	557
556	558
557	558
557	559
557	560
557	561
558	560
558	561
558	878
559	560
559	561
559	562
559	563
560	561
560	562
560	563
560	564
561	564
561	565
561	809
561	964
562	564
562	565
562	566
563	564
563	565
563	566
563	964
564	565
564	566
564	567
564	568
565	566
565	567
565	568
565	569
566	567
566	568
566	569
566	570
567	568
567	569
567	570
567	571
568	569
568	570
568	571
568	626
569	570
569	571
569	572
569	573
570	571
570	572
570	574
570	783
571	572
571	573
571	574
571	575
572	573
572	574
572	575
572	576
573	574
573	575
573	576
573	577
574	575
574	576
574	577
574	578
574	804
575	576
575	577
575	578
576	577
576	578
576	580
577	578
577	580
577	581
577	876
578	579
578	580
578	582
579	581
579	582
579	583
579	609
580	581
580	582
580	583
580	584
581	583
581	584
581	585
581	816
582	583
582	584
582	585
582	586
582	782
583	584
583	585
583	586
583	587
584	585
584	586
584	587
584	588
584	874
585	586
585	587
585	588
585	589
586	587
586	588
586	589
586	590
587	588
587	589
587	590
587	591
588	589
588	591
588	592
589	590
589	591
589	592
589	593
590	591
590	592
590	593
590	594
591	592
591	594
591	595
592	593
592	595
592	596
592	716
593	594
593	595
593	596
593	597
594	595
594	596
594	597
594	598
595	596
595	597
595	598
595	599
596	597
596	598
596	599
596	600
597	599
597	600
597	753
598	600
598	601
598	602
599	600
599	601
599	602
599	603
600	601
600	602
600	603
600	604
600	683
601	602
601	603
601	604
601	605
602	603
602	604
602	605
602	606
603	604
603	605
603	606
603	607
604	605
604	606
604	607
604	608
605	606
605	607
605	608
606	607
606	608
606	609
606	610
607	609
607	610
608	609
608	610
608	611
608	612
609	610
609	611
609	612
609	613
610	611
610	612
610	613
610	614
610	623
611	612
611	613
611	614
611	615
612	613
612	614
612	615
612	616
613	614
613	615
613	617
613	805
614	615
614	616
614	617
614	658
615	616
615	617
615	619
615	653
616	617
616	618
616	619
617	619
617	621
618	619
618	620
618	621
618	622
619	620
619	622
619	623
619	655
620	622
620	623
620	624
620	814
621	622
621	623
621	624
621	785
622	623
622	624
622	625
622	626
623	625
623	626
623	820
624	625
624	626
624	627
624	628
625	626
625	628
625	629
626	627
626	628
626	629
627	628
627	630
627	631
628	629
628	630
628	631
628	632
629	630
629	631
629	632
629	633
629	828
630	631
630	632
630	634
631	632
631	633
631	634
631	635
631	939
632	633
632	634
632	635
632	636
632	748
633	634
633	635
633	636
633	637
634	635
634	636
634	637
634	638
635	636
635	637
635	638
635	639
636	637
636	638
636	639
636	640
637	638
637	639
637	640
637	641
638	639
638	640
638	641
639	640
639	641
639	642
639	643
640	641
640	642
640	643
640	644
641	642
641	643
641	644
641	645
642	643
642	644
642	645
642	646
642	751
643	644
643	646
643	647
643	766
644	645
644	646
644	647
644	648
645	646
645	647
645	648
645	649
646	647
646	649
646	650
646	748
647	648
647	649
647	650
647	651
648	649
648	650
648	651
648	652
649	650
649	651
649	652
649	653
650	651
650	652
650	653
650	654
651	652
651	653
651	654
652	653
652	654
652	656
653	654
653	656
653	657
654	655
654	656
654	657
654	658
655	656
655	657
655	658
655	659
656	657
656	658
656	659
656	660
657	658
657	659
657	660
657	661
658	659
658	660
658	661
658	662
659	660
659	661
659	662
659	663
659	862
660	661
660	662
660	663
660	664
661	662
661	663
661	664
661	665
662	663
662	664
662	665
662	666
663	664
663	665
663	666
663	667
664	665
664	666
664	667
664	668
665	666
665	667
665	668
665	669
666	667
666	668
666	669
666	670
667	668
667	669
667	670
668	669
668	670
668	671
668	672
668	733
669	670
669	671
669	672
669	673
670	671
670	672
670	674
671	672
671	673
671	674
671	675
672	673
672	674
672	675
672	676
673	674
673	675
673	676
673	677
674	675
674	676
674	677
674	678
675	676
675	677
675	678
675	679
675	921
676	677
676	678
676	679
676	680
677	678
677	680
677	681
678	679
678	680
678	681
678	682
679	680
679	681
679	682
679	683
680	681
680	683
680	684
681	682
681	683
681	684
681	685
682	683
682	684
682	685
682	800
683	685
683	686
683	687
684	685
684	686
684	687
684	688
685	686
685	688
685	689
685	783
686	687
686	688
686	689
686	690
687	688
687	689
687	690
687	691
688	689
688	690
688	691
688	692
689	690
689	691
689	693
689	844
690	691
690	692
690	693
690	694
690	923
691	692
691	693
691	694
691	695
692	693
692	694
692	695
692	696
693	694
693	695
693	696
693	697
694	695
694	696
694	697
694	698
695	696
695	697
695	699
695	841
696	697
696	698
696	699
696	700
697	698
697	699
697	700
697	701
698	700
698	701
698	702
698	809
699	700
699	701
699	702
699	703
700	701
700	702
700	703
700	704
700	747
701	702
701	703
701	705
702	703
702	704
702	705
703	704
703	705
703	706
703	707
703	872
704	705
704	706
704	707
704	708
704	750
705	706
705	707
705	708
705	709
706	707
706	708
706	709
706	710
707	708
707	709
707	710
707	711
708	709
708	710
708	711
708	712
709	710
709	711
709	712
709	713
710	711
710	712
710	713
710	714
711	712
711	714
711	715
711	987
712	713
712	715
713	714
713	715
713	716
713	717
713	797
714	716
714	717
714	718
714	819
715	716
715	717
715	718
715	719
716	717
716	719
716	720
717	719
717	720
717	721
717	830
717	935
718	719
718	720
718	721
718	722
719	720
719	721
719	722
719	723
720	721
720	722
720	723
720	724
721	722
721	723
721	724
721	725
722	723
722	724
722	725
722	726
722	923
723	724
723	725
723	726
723	727
724	725
724	726
724	727
724	728
725	726
725	727
725	728
725	729
726	728
726	729
726	730
726	865
727	728
727	729
727	730
727	731
728	729
728	730
728	731
728	732
728	954
729	730
729	731
729	733
729	883
730	731
730	732
730	733
730	734
731	732
731	733
731	734
731	735
732	733
732	734
732	735
732	736
732	764
733	734
733	735
733	737
734	735
734	736
734	737
734	738
735	736
735	737
735	738
735	739
736	737
736	738
736	739
736	740
737	738
737	739
737	740
737	741
738	739
738	740
738	741
738	742
738	801
739	740
739	741
739	742
739	743
740	741
740	742
740	744
741	742
741	743
741	744
741	745
742	743
742	744
742	745
742	746
743	745
743	746
743	747
743	885
744	745
744	746
744	747
744	748
745	746
745	747
745	748
745	749
746	747
746	748
746	749
746	750
747	749
747	750
747	751
748	749
748	750
748	751
749	750
749	751
749	752
749	753
750	754
751	752
751	754
751	755
752	753
752	754
752	755
752	756
753	754
753	755
753	756
753	992
754	755
754	756
754	757
754	758
754	975
755	756
755	757
755	758
755	759
756	757
756	758
756	759
756	760
757	758
757	759
757	760
757	761
758	759
758	760
758	761
758	762
759	760
759	761
759	762
759	763
760	761
760	762
760	763
760	764
761	762
761	763
761	764
761	765
762	763
762	764
762	765
762	766
763	764
763	766
763	767
763	930
764	765
764	766
764	768
765	766
765	767
765	768
765	769
765	873
766	767
766	768
766	769
766	770
767	768
767	769
767	770
767	771
768	769
768	770
768	771
768	772
768	778
769	770
769	771
769	772
769	773
770	771
770	772
770	773
770	774
771	772
771	773
771	774
771	775
772	773
772	774
772	775
772	776
773	774
773	775
773	776
773	777
774	775
774	776
774	777
774	778
775	776
775	777
775	778
775	779
776	777
776	779
776	780
777	778
777	780
777	781
777	942
778	780
778	786
778	900
779	780
779	781
779	782
779	783
780	781
780	782
780	783
780	784
781	783
781	784
781	785
781	965
782	783
782	784
782	790
783	784
783	785
783	786
783	787
784	785
784	786
784	787
784	788
785	786
785	787
785	788
785	789
786	787
786	788
786	789
786	790
787	788
787	789
787	790
787	791
788	789
788	790
788	791
789	790
789	791
789	792
789	793
789	831
790	791
790	792
790	794
791	792
791	794
791	795
791	863
792	793
792	794
792	795
792	796
793	795
793	796
793	797
794	795
794	796
794	797
794	798
795	796
795	797
795	798
795	799
796	797
796	798
796	799
796	800
797	798
797	799
797	800
798	799
798	800
798	801
798	802
799	800
799	801
799	802
799	803
799	973
800	801
800	802
800	804
801	802
801	805
802	803
802	804
802	805
802	806
803	804
803	805
803	806
803	807
804	805
804	806
804	807
805	806
805	808
805	809
805	943
806	807
806	808
806	809
806	810
807	808
807	809
807	811
808	810
808	811
809	810
809	811
809	812
809	813
809	932
810	811
810	812
810	813
810	814
811	812
811	813
811	814
811	815
812	814
812	815
812	816
813	814
813	815
813	816
813	817
814	815
814	816
814	817
814	818
815	817
815	818
815	819
815	848
816	817
816	818
816	819
816	820
817	818
817	819
817	820
817	821
818	819
818	820
818	821
818	822
819	820
819	821
819	823
820	821
820	822
820	823
820	824
820	928
821	822
821	823
821	824
821	825
822	823
822	824
822	825
822	826
823	825
823	826
823	827
823	871
824	825
824	826
824	827
824	828
825	826
825	828
825	829
825	854
826	827
826	829
826	830
827	828
827	829
827	830
827	831
828	829
828	830
828	831
829	830
829	831
829	832
829	833
830	831
830	832
830	878
830	949
830	959
831	832
831	833
831	835
832	833
832	834
832	835
832	836
833	834
833	835
833	836
833	837
834	835
834	836
834	837
834	941
835	836
835	837
835	838
835	839
836	837
836	838
836	840
837	838
837	839
837	840
837	841
838	839
838	840
838	842
839	840
839	841
839	842
839	843
840	841
840	842
840	843
840	844
840	939
841	842
841	844
841	845
842	843
842	845
842	846
842	921
843	844
843	845
843	846
843	847
844	846
844	847
844	848
845	846
845	847
845	848
845	849
846	847
846	848
846	849
846	850
847	848
847	849
847	851
847	864
848	849
848	850
848	851
848	852
848	914
849	850
849	851
849	852
849	853
850	851
850	852
850	853
850	854
851	852
851	853
851	854
851	855
852	853
852	854
852	855
852	856
853	855
853	856
853	857
854	855
854	856
854	872
854	963
855	856
855	857
855	858
855	859
856	857
856	858
856	859
856	860
857	858
857	859
857	860
858	859
858	860
858	861
858	862
859	861
859	862
859	863
859	917
860	861
860	862
860	863
860	864
861	862
861	863
861	864
861	865
862	864
862	865
862	866
863	866
863	867
863	959
864	865
864	866
864	867
864	868
865	866
865	867
865	868
865	869
866	868
866	869
866	870
866	898
867	868
867	869
867	870
867	871
868	869
868	871
868	872
869	870
869	871
869	873
870	871
870	872
870	873
870	874
871	872
871	873
871	874
871	875
872	873
872	874
873	874
873	875
873	876
874	875
874	876
874	878
875	876
875	877
875	878
875	879
876	877
876	878
876	879
876	880
877	878
877	879
877	880
877	881
878	879
878	880
878	881
879	880
879	881
879	882
879	883
880	881
880	882
880	883
880	884
881	882
881	883
881	884
881	885
882	883
882	884
882	885
882	886
883	884
883	885
883	886
883	887
884	885
884	886
884	887
884	888
885	886
885	887
885	888
885	889
886	888
886	889
886	890
887	888
887	889
887	890
887	891
888	889
888	890
888	891
888	892
889	890
889	891
889	892
889	893
890	891
890	892
890	893
890	894
891	892
891	893
891	894
891	895
892	893
892	894
892	895
892	896
893	894
893	895
893	896
893	897
894	895
894	896
894	897
894	898
895	896
895	897
895	898
895	899
896	897
896	899
896	900
897	898
897	899
897	900
897	901
897	917
897	957
898	899
898	900
898	901
898	902
899	900
899	902
899	903
900	901
900	903
900	904
901	903
901	904
901	905
902	903
902	904
902	905
902	906
903	904
903	905
903	906
903	907
904	905
904	906
904	907
904	908
905	906
905	907
905	908
905	909
906	907
906	908
906	909
906	910
907	908
907	909
907	910
907	911
908	909
908	910
908	911
908	912
909	910
909	911
909	912
910	911
910	912
910	913
910	914
911	912
911	913
911	914
911	915
912	913
912	914
912	915
912	916
912	981
913	914
913	915
913	916
913	917
914	915
914	916
914	918
915	916
915	917
915	918
916	917
916	918
916	919
916	920
917	919
917	920
917	921
918	919
918	920
918	921
918	922
919	920
919	921
919	922
919	923
920	921
920	922
920	923
920	924
921	923
921	924
921	925
922	923
922	924
922	925
922	926
923	924
923	925
924	925
924	926
924	927
924	928
925	926
925	927
925	928
925	929
926	927
926	928
926	929
926	930
927	928
927	929
927	930
927	931
928	929
928	930
928	932
929	930
929	931
929	932
929	933
930	931
930	932
930	933
930	934
931	932
931	933
931	934
931	935
932	934
932	935
932	936
933	934
933	935
933	936
933	937
934	935
934	936
934	937
934	938
935	936
935	937
935	938
935	939
936	937
936	938
936	939
936	940
937	938
937	939
937	940
937	941
938	939
938	940
938	941
938	942
939	941
939	943
939	955
940	941
940	942
940	943
940	944
941	942
941	944
941	945
942	943
942	945
942	946
943	944
943	946
943	947
944	946
944	947
944	948
945	946
945	947
945	948
945	949
946	947
946	948
946	949
946	950
947	948
947	949
947	950
947	951
948	949
948	950
948	951
948	952
949	950
949	951
949	952
949	953
950	951
950	952
950	953
950	954
951	952
951	953
951	954
951	955
952	953
952	954
952	955
952	956
953	954
953	955
953	956
953	957
954	956
954	957
954	958
955	956
955	958
955	959
956	957
956	958
956	959
956	960
957	958
957	959
957	960
958	959
958	960
958	961
959	960
959	961
959	962
960	961
960	962
960	964
961	962
961	963
961	964
961	965
962	963
962	964
962	965
962	966
963	964
963	965
963	966
963	967
964	965
964	966
964	967
964	968
965	966
965	967
965	968
965	969
966	967
966	968
966	969
966	970
967	968
967	969
967	970
967	971
968	969
968	970
968	971
968	972
969	970
969	971
969	972
969	973
970	971
970	972
970	974
971	972
971	973
971	974
971	975
972	973
972	974
972	975
972	976
973	975
973	976
973	977
974	975
974	976
974	977
974	978
975	977
975	978
975	979
976	977
976	979
976	980
977	978
977	979
977	980
977	981
978	979
978	980
978	981
978	982
979	980
979	981
979	982
979	983
980	981
980	982
980	983
980	984
981	984
981	985
982	984
982	985
982	986
983	985
983	986
984	985
984	986
984	988
985	986
985	987
985	988
985	989
986	987
986	988
986	989
986	990
987	988
987	989
987	990
988	989
988	990
988	991
988	992
989	990
989	991
989	992
989	993
990	991
990	992
990	993
991	992
991	993
991	994
991	995
992	993
992	994
992	996
993	995
993	996
993	997
994	995
994	996
994	997
994	998
995	997
995	998
996	997
996	998
996	999
997	998
997	999
998	999
