0 75
0 86
0 115
0 144
0 201
0 252
0 291
0 319
0 446
0 514
0 564
0 652
0 679
0 857
0 877
0 926
0 974
1 111
1 131
1 158
1 163
1 206
1 218
1 224
1 227
1 245
1 297
1 318
1 354
1 437
1 507
1 536
1 538
1 557
1 559
1 563
1 579
1 627
1 635
1 697
1 739
1 777
1 796
1 809
1 814
1 855
1 893
1 899
1 939
1 986
2 20
2 56
2 121
2 172
2 176
2 193
2 217
2 242
2 247
2 401
2 530
2 600
2 683
2 751
2 836
2 863
2 954
2 984
3 26
3 90
3 105
3 112
3 120
3 138
3 166
3 184
3 214
3 281
3 313
3 316
3 419
3 439
3 531
3 645
3 715
3 764
3 860
3 925
3 998
4 14
4 21
4 29
4 87
4 114
4 169
4 248
4 280
4 336
4 370
4 378
4 427
4 440
4 471
4 508
4 567
4 580
4 587
4 725
4 747
4 759
4 766
4 808
4 823
4 825
4 835
4 849
4 918
4 922
5 8
5 10
5 32
5 94
5 100
5 125
5 156
5 201
5 254
5 311
5 375
5 404
5 406
5 416
5 446
5 525
5 526
5 545
5 575
5 616
5 623
5 665
5 667
5 707
5 713
5 748
5 805
5 841
5 895
6 17
6 49
6 57
6 85
6 142
6 265
6 285
6 395
6 451
6 463
6 552
6 565
6 619
6 647
6 650
6 784
6 830
6 909
6 941
6 944
6 988
7 36
7 61
7 69
7 71
7 135
7 161
7 255
7 299
7 366
7 443
7 459
7 484
7 539
7 543
7 546
7 590
7 591
7 640
7 681
7 695
7 757
7 802
7 866
7 912
7 913
7 920
7 975
8 10
8 32
8 54
8 100
8 104
8 105
8 119
8 156
8 186
8 254
8 375
8 406
8 416
8 462
8 545
8 575
8 594
8 616
8 665
8 667
8 700
8 713
8 715
8 748
8 775
8 805
8 828
8 841
8 932
8 987
9 52
9 73
9 152
9 171
9 190
9 205
9 274
9 275
9 303
9 306
9 362
9 403
9 449
9 470
9 505
9 602
9 651
9 750
9 827
9 949
10 32
10 94
10 100
10 125
10 186
10 201
10 254
10 311
10 375
10 404
10 406
10 416
10 446
10 525
10 526
10 545
10 575
10 598
10 616
10 623
10 665
10 667
10 707
10 713
10 824
10 895
11 47
11 107
11 122
11 129
11 165
11 178
11 182
11 207
11 246
11 314
11 346
11 377
11 441
11 444
11 475
11 520
11 560
11 628
11 646
11 698
11 710
11 716
11 789
11 799
11 803
11 830
11 870
11 883
11 919
11 921
11 929
11 933
11 957
12 65
12 104
12 113
12 186
12 276
12 278
12 337
12 358
12 386
12 407
12 462
12 469
12 472
12 485
12 575
12 594
12 596
12 649
12 654
12 700
12 828
12 888
12 914
13 95
13 106
13 116
13 148
13 180
13 181
13 185
13 228
13 292
13 293
13 396
13 448
13 456
13 464
13 588
13 673
13 687
13 741
13 785
13 886
13 924
13 992
14 18
14 87
14 114
14 136
14 169
14 177
14 290
14 378
14 471
14 567
14 580
14 615
14 729
14 747
14 759
14 766
14 768
14 808
14 825
14 835
14 922
14 946
15 28
15 59
15 442
15 468
15 502
15 533
15 576
15 599
15 639
15 672
15 882
15 940
16 38
16 67
16 84
16 128
16 141
16 211
16 235
16 261
16 344
16 534
16 593
16 622
16 656
16 680
16 726
16 749
16 894
16 905
16 959
16 961
16 977
17 30
17 42
17 44
17 49
17 57
17 85
17 153
17 168
17 208
17 285
17 294
17 347
17 552
17 561
17 619
17 647
17 650
17 783
17 941
18 35
18 87
18 136
18 177
18 290
18 298
18 348
18 455
18 615
18 629
18 663
18 720
18 729
18 745
18 759
18 768
18 807
18 936
19 91
19 138
19 162
19 166
19 184
19 268
19 316
19 326
19 338
19 359
19 363
19 384
19 410
19 426
19 439
19 512
19 780
19 838
19 840
19 889
19 904
19 965
19 989
20 56
20 121
20 172
20 217
20 401
20 530
20 592
20 600
20 683
20 836
20 863
20 869
20 954
20 984
21 29
21 248
21 280
21 284
21 336
21 427
21 440
21 471
21 508
21 514
21 564
21 567
21 587
21 717
21 718
21 747
21 808
21 823
21 849
21 874
21 922
21 928
21 946
22 38
22 67
22 92
22 133
22 189
22 211
22 223
22 235
22 237
22 258
22 288
22 322
22 331
22 340
22 344
22 409
22 513
22 534
22 613
22 680
22 721
22 749
22 754
22 793
22 797
22 881
22 891
22 935
22 994
23 72
23 106
23 192
23 204
23 212
23 215
23 317
23 351
23 402
23 428
23 448
23 456
23 460
23 464
23 478
23 488
23 537
23 584
23 708
23 779
23 829
23 842
23 917
23 924
23 981
24 79
24 434
24 490
24 574
24 606
24 642
24 676
24 726
24 788
24 820
24 894
24 900
24 959
25 59
25 157
25 301
25 389
25 433
25 442
25 468
25 502
25 532
25 548
25 599
25 633
25 701
25 738
25 878
25 882
25 931
25 938
25 964
25 993
26 112
26 120
26 188
26 194
26 214
26 234
26 281
26 313
26 350
26 382
26 393
26 419
26 572
26 645
26 764
26 826
26 851
26 856
26 860
26 925
26 953
26 963
26 998
27 147
27 150
27 198
27 229
27 269
27 300
27 333
27 352
27 380
27 435
27 474
27 694
28 117
28 195
28 271
28 388
28 502
28 533
28 562
28 576
28 599
28 639
28 672
28 765
28 832
28 879
28 882
28 938
28 940
29 114
29 169
29 248
29 280
29 284
29 311
29 319
29 336
29 370
29 378
29 427
29 440
29 471
29 508
29 514
29 525
29 567
29 580
29 587
29 717
29 747
29 766
29 808
29 823
29 835
29 849
29 874
29 922
30 49
30 85
30 153
30 168
30 208
30 347
30 372
30 438
30 619
30 647
30 941
30 972
31 58
31 74
31 149
31 219
31 225
31 289
31 296
31 308
31 312
31 321
31 360
31 391
31 400
31 467
31 540
31 577
31 582
31 644
31 704
31 705
31 730
31 746
31 794
31 834
31 843
31 850
31 854
31 962
31 982
32 65
32 70
32 100
32 104
32 113
32 125
32 127
32 186
32 254
32 358
32 375
32 386
32 404
32 422
32 462
32 526
32 545
32 573
32 575
32 594
32 598
32 649
32 665
32 667
32 700
32 713
32 727
32 824
32 895
33 53
33 98
33 110
33 220
33 241
33 255
33 277
33 365
33 383
33 412
33 423
33 493
33 495
33 641
33 693
33 770
33 915
34 45
34 90
34 112
34 164
34 188
34 194
34 226
34 234
34 244
34 257
34 350
34 357
34 393
34 397
34 419
34 421
34 480
34 522
34 547
34 586
34 597
34 611
34 625
34 645
34 669
34 714
34 786
34 826
34 857
34 873
34 958
34 963
34 983
35 134
35 145
35 173
35 177
35 213
35 298
35 578
35 629
35 752
35 936
36 61
36 69
36 135
36 161
36 220
36 255
36 262
36 299
36 459
36 484
36 493
36 495
36 539
36 546
36 590
36 591
36 681
36 695
36 761
36 866
36 912
36 913
36 920
36 975
37 84
37 282
37 283
37 315
37 356
37 481
37 622
37 668
37 671
37 702
37 907
38 67
38 92
38 128
38 211
38 235
38 237
38 261
38 288
38 344
38 490
38 534
38 680
38 721
38 749
38 793
38 891
38 905
38 959
39 310
39 476
39 483
39 516
39 566
39 568
39 608
39 617
39 626
39 659
39 660
39 674
39 692
39 760
39 812
39 838
39 846
39 848
39 865
39 910
39 934
39 948
39 991
39 997
39 999
40 62
40 164
40 234
40 341
40 398
40 421
40 494
40 496
40 497
40 597
40 661
40 684
40 826
40 859
40 963
41 51
41 108
41 143
41 175
41 327
41 335
41 340
41 409
41 425
41 432
41 445
41 487
41 500
41 595
41 670
41 754
41 791
41 929
41 930
41 951
41 957
42 44
42 48
42 103
42 139
42 168
42 279
42 294
42 473
42 518
42 552
42 553
42 561
42 630
42 650
42 783
42 795
42 858
42 864
42 909
42 937
43 50
43 95
43 99
43 126
43 150
43 159
43 180
43 181
43 198
43 229
43 249
43 292
43 300
43 353
43 387
43 413
43 417
43 424
43 435
43 474
43 682
43 711
43 740
43 744
43 762
43 767
43 831
43 966
44 48
44 103
44 168
44 279
44 294
44 473
44 552
44 561
44 630
44 650
44 783
44 795
44 858
44 864
44 937
45 90
45 105
45 112
45 156
45 188
45 194
45 226
45 244
45 252
45 350
45 393
45 397
45 416
45 419
45 522
45 531
45 547
45 586
45 616
45 625
45 645
45 669
45 715
45 748
45 764
45 786
45 805
45 857
45 860
45 925
45 932
45 958
45 983
45 998
46 102
46 155
46 187
46 223
46 272
46 330
46 355
46 431
46 454
46 509
46 544
46 600
46 601
46 610
46 737
46 773
46 822
46 863
46 869
46 896
46 956
46 960
46 996
47 77
47 129
47 132
47 178
47 182
47 207
47 246
47 314
47 346
47 377
47 441
47 465
47 469
47 491
47 560
47 571
47 628
47 698
47 710
47 716
47 731
47 789
47 799
47 803
47 870
47 883
47 897
47 914
47 919
47 967
47 969
47 976
48 103
48 168
48 279
48 294
48 325
48 473
48 518
48 552
48 561
48 630
48 650
48 783
48 795
48 858
48 864
48 937
49 57
49 85
49 153
49 265
49 285
49 347
49 451
49 463
49 552
49 619
49 647
49 650
49 784
49 830
49 941
49 944
49 988
50 95
50 99
50 126
50 148
50 159
50 180
50 181
50 292
50 293
50 353
50 373
50 413
50 424
50 740
50 785
50 804
50 831
50 886
50 992
51 107
51 108
51 122
51 143
51 165
51 175
51 327
51 335
51 340
51 364
51 432
51 445
51 487
51 595
51 643
51 646
51 670
51 732
51 787
51 791
51 921
51 929
51 930
51 951
51 957
52 73
52 128
52 171
52 205
52 306
52 362
52 367
52 408
52 498
52 503
52 593
52 656
52 750
52 898
52 949
53 66
53 68
53 98
53 110
53 135
53 154
53 161
53 196
53 220
53 241
53 255
53 334
53 365
53 412
53 423
53 458
53 551
53 591
53 641
53 658
53 693
53 770
53 772
53 813
53 915
53 952
53 978
54 105
54 119
54 138
54 156
54 162
54 184
54 326
54 439
54 462
54 531
54 575
54 594
54 700
54 715
54 748
54 775
54 780
54 828
54 841
54 987
55 72
55 185
55 204
55 251
55 361
55 402
55 478
55 488
55 659
55 699
55 742
55 812
55 862
55 948
56 80
56 121
56 172
56 176
56 193
56 247
56 369
56 401
56 554
56 683
56 751
56 753
56 782
56 836
56 984
57 85
57 142
57 265
57 285
57 302
57 395
57 463
57 552
57 565
57 619
57 647
57 650
57 696
57 784
57 830
57 909
57 944
57 988
58 149
58 225
58 289
58 321
58 461
58 467
58 524
58 541
58 582
58 644
58 675
58 743
58 746
58 778
58 794
58 801
58 834
58 843
58 850
58 854
58 962
58 968
58 982
59 157
59 301
59 389
59 433
59 442
59 468
59 502
59 532
59 548
59 599
59 633
59 701
59 738
59 878
59 882
59 931
59 938
59 940
59 993
60 102
60 108
60 153
60 272
60 364
60 372
60 431
60 438
60 451
60 544
60 595
60 601
60 610
60 706
60 756
60 787
60 921
60 923
60 941
60 944
60 956
60 972
61 69
61 71
61 135
61 161
61 220
61 255
61 262
61 299
61 459
61 484
61 493
61 539
61 543
61 546
61 590
61 591
61 640
61 681
61 695
61 761
61 769
61 866
61 912
61 913
61 920
61 975
62 89
62 164
62 234
62 341
62 382
62 398
62 494
62 496
62 572
62 645
62 661
62 684
62 817
62 819
62 826
62 851
62 859
62 953
62 963
63 81
63 117
63 191
63 238
63 264
63 267
63 329
63 385
63 388
63 414
63 420
63 452
63 501
63 517
63 527
63 528
63 541
63 603
63 634
63 653
63 778
63 800
63 815
63 892
63 943
63 968
63 985
64 83
64 88
64 202
64 315
64 481
64 607
64 624
64 668
64 686
64 702
64 703
64 847
64 853
64 868
65 70
65 104
65 113
65 127
65 186
65 254
65 276
65 278
65 358
65 386
65 404
65 407
65 462
65 472
65 485
65 526
65 573
65 575
65 594
65 596
65 598
65 649
65 700
65 713
65 727
65 824
65 828
65 895
66 68
66 98
66 110
66 154
66 196
66 253
66 334
66 365
66 412
66 423
66 458
66 551
66 641
66 693
66 770
66 772
66 813
66 852
66 952
66 970
66 978
67 92
67 128
67 133
67 211
67 235
67 237
67 258
67 288
67 344
67 381
67 534
67 613
67 680
67 721
67 749
67 793
67 797
67 881
67 891
67 905
67 935
68 98
68 110
68 154
68 196
68 253
68 334
68 365
68 412
68 423
68 458
68 551
68 641
68 693
68 770
68 772
68 852
68 952
68 970
68 978
69 71
69 110
69 135
69 161
69 220
69 255
69 262
69 443
69 459
69 484
69 493
69 539
69 543
69 546
69 590
69 591
69 640
69 658
69 681
69 695
69 757
69 761
69 866
69 912
69 913
69 920
69 975
70 104
70 113
70 125
70 127
70 186
70 254
70 358
70 370
70 386
70 404
70 405
70 422
70 485
70 519
70 526
70 573
70 580
70 598
70 713
70 725
70 727
70 766
70 824
70 825
70 885
70 887
70 895
70 918
71 135
71 137
71 309
71 366
71 443
71 459
71 484
71 543
71 546
71 591
71 609
71 640
71 695
71 757
71 802
71 818
71 839
71 866
71 912
71 913
71 920
71 975
72 185
72 204
72 251
72 317
72 361
72 402
72 478
72 488
72 537
72 659
72 708
72 742
72 812
72 917
73 171
73 190
73 202
73 205
73 306
73 362
73 367
73 403
73 408
73 470
73 498
73 703
73 750
73 898
73 949
74 149
74 219
74 271
74 273
74 312
74 392
74 430
74 535
74 562
74 605
74 632
74 648
74 677
74 704
74 705
74 722
74 730
74 765
74 832
74 834
74 938
74 964
74 973
75 86
75 144
75 226
75 244
75 252
75 291
75 397
75 547
75 586
75 625
75 652
75 679
75 786
75 857
75 873
75 877
75 926
75 974
75 983
76 174
76 231
76 232
76 299
76 324
76 366
76 429
76 486
76 556
76 614
76 662
76 690
76 769
76 792
76 833
76 880
76 911
77 129
77 182
77 246
77 278
77 328
77 399
77 441
77 465
77 469
77 472
77 491
77 560
77 571
77 654
77 689
77 698
77 710
77 731
77 789
77 799
77 803
77 861
77 870
77 876
77 883
77 888
77 897
77 914
77 919
77 947
77 967
77 969
77 976
78 103
78 136
78 146
78 200
78 210
78 239
78 279
78 290
78 325
78 348
78 455
78 518
78 630
78 663
78 678
78 745
78 795
78 807
78 858
78 864
78 867
78 950
78 980
78 990
79 160
79 287
79 434
79 574
79 606
79 642
79 655
79 676
79 726
79 788
79 820
79 894
79 900
80 121
80 160
80 176
80 193
80 247
80 287
80 369
80 477
80 554
80 604
80 631
80 642
80 657
80 664
80 683
80 733
80 751
80 753
80 782
80 820
80 890
80 906
81 191
81 238
81 267
81 329
81 390
81 420
81 452
81 501
81 511
81 517
81 527
81 528
81 636
81 653
81 815
81 816
81 875
81 892
81 916
81 985
81 995
82 179
82 221
82 345
82 390
82 457
82 482
82 550
82 569
82 685
82 816
82 875
82 916
82 995
83 88
83 152
83 202
83 203
83 270
83 315
83 481
83 607
83 624
83 668
83 686
83 703
83 790
83 847
83 853
83 868
84 141
84 167
84 261
84 282
84 283
84 356
84 434
84 622
84 671
84 676
84 726
84 894
84 959
84 961
84 977
85 153
85 168
85 208
85 265
85 285
85 347
85 372
85 438
85 463
85 552
85 619
85 647
85 650
85 784
85 941
85 944
85 988
86 144
86 201
86 226
86 244
86 252
86 291
86 397
86 406
86 522
86 547
86 586
86 625
86 652
86 679
86 786
86 857
86 873
86 877
86 926
86 974
86 983
87 114
87 134
87 136
87 169
87 177
87 248
87 290
87 298
87 471
87 567
87 615
87 629
87 729
87 752
87 759
87 768
87 808
87 835
87 946
88 152
88 202
88 315
88 403
88 481
88 602
88 607
88 624
88 668
88 686
88 702
88 703
88 868
88 949
89 124
89 250
89 312
89 360
89 382
89 398
89 430
89 447
89 572
89 632
89 677
89 704
89 705
89 722
89 730
89 817
89 819
89 856
89 927
89 953
90 105
90 112
90 119
90 156
90 188
90 194
90 226
90 350
90 393
90 416
90 419
90 522
90 531
90 586
90 616
90 625
90 645
90 669
90 715
90 748
90 764
90 786
90 805
90 841
90 860
90 925
90 932
90 958
90 983
90 998
91 93
91 138
91 162
91 184
91 216
91 263
91 268
91 316
91 326
91 337
91 338
91 359
91 363
91 379
91 384
91 394
91 410
91 512
91 618
91 780
91 840
91 889
91 904
91 965
91 989
92 133
92 189
92 223
92 235
92 237
92 242
92 331
92 454
92 513
92 721
92 749
92 754
92 793
92 797
92 881
92 891
92 935
92 994
93 268
93 276
93 295
93 326
93 337
93 363
93 499
93 512
93 612
93 618
93 654
93 776
93 828
93 876
93 904
93 947
94 100
94 115
94 125
94 144
94 201
94 311
94 319
94 375
94 404
94 406
94 440
94 446
94 514
94 525
94 545
94 587
94 623
94 652
94 665
94 667
94 679
94 707
94 713
94 874
95 99
95 126
95 148
95 159
95 180
95 181
95 228
95 292
95 353
95 373
95 396
95 413
95 417
95 424
95 558
95 588
95 740
95 767
95 785
95 804
95 831
95 886
95 902
95 966
95 992
96 97
96 109
96 199
96 259
96 274
96 275
96 418
96 449
96 470
96 479
96 505
96 542
96 621
96 691
96 719
96 806
96 901
96 979
97 109
97 199
97 240
97 274
97 275
97 349
97 411
97 449
97 479
97 536
97 621
97 691
97 734
97 735
97 806
97 827
97 901
98 110
98 135
98 161
98 196
98 220
98 241
98 255
98 277
98 365
98 383
98 412
98 423
98 458
98 493
98 495
98 591
98 641
98 693
98 770
98 772
98 813
98 915
98 952
99 126
99 150
99 159
99 180
99 181
99 198
99 228
99 229
99 292
99 300
99 353
99 387
99 413
99 417
99 424
99 435
99 474
99 558
99 682
99 711
99 740
99 762
99 767
99 785
99 831
99 902
99 966
100 104
100 119
100 125
100 156
100 186
100 254
100 375
100 404
100 406
100 416
100 462
100 526
100 545
100 575
100 616
100 623
100 665
100 667
100 707
100 713
100 748
100 805
100 841
100 895
101 116
101 148
101 199
101 293
101 373
101 418
101 450
101 479
101 523
101 673
101 691
101 736
101 741
101 804
101 886
102 108
102 155
102 189
102 223
102 272
102 340
102 431
102 454
102 509
102 513
102 595
102 601
102 610
102 737
102 754
102 787
102 791
102 797
102 822
102 896
102 994
103 139
103 146
103 210
103 239
103 279
103 294
103 325
103 473
103 518
103 553
103 561
103 630
103 650
103 678
103 783
103 795
103 858
103 864
103 867
103 909
103 937
103 950
103 980
103 990
104 113
104 125
104 127
104 186
104 254
104 358
104 375
104 386
104 404
104 407
104 462
104 526
104 545
104 573
104 575
104 594
104 596
104 598
104 649
104 665
104 667
104 700
104 713
104 727
104 824
104 828
104 841
104 895
104 987
105 112
105 119
105 156
105 194
105 226
105 350
105 393
105 416
105 419
105 439
105 522
105 531
105 586
105 616
105 625
105 669
105 715
105 748
105 764
105 775
105 805
105 841
105 860
105 925
105 932
105 958
105 987
105 998
106 116
106 185
106 192
106 212
106 240
106 293
106 396
106 448
106 456
106 464
106 488
106 537
106 584
106 673
106 687
106 741
106 829
106 924
106 992
107 108
107 122
107 165
107 175
107 178
107 207
107 327
107 346
107 364
107 377
107 432
107 444
107 451
107 475
107 487
107 595
107 646
107 756
107 830
107 883
107 921
107 929
107 930
107 933
107 951
107 957
108 143
108 175
108 272
108 327
108 340
108 364
108 431
108 432
108 445
108 454
108 487
108 509
108 595
108 601
108 670
108 737
108 754
108 787
108 791
108 921
108 929
108 930
108 951
109 190
109 259
109 274
109 275
109 418
109 449
109 470
109 479
109 505
109 542
109 621
109 691
109 719
109 806
109 901
109 979
110 135
110 154
110 161
110 196
110 220
110 255
110 323
110 334
110 365
110 412
110 423
110 458
110 459
110 546
110 551
110 591
110 641
110 658
110 693
110 695
110 770
110 772
110 813
110 952
110 978
111 131
111 158
111 163
111 206
111 227
111 243
111 245
111 256
111 297
111 303
111 318
111 354
111 507
111 536
111 538
111 549
111 557
111 559
111 563
111 627
111 635
111 697
111 739
111 777
111 796
111 809
111 814
111 855
111 893
111 899
111 903
111 939
111 986
112 120
112 188
112 194
112 234
112 281
112 313
112 350
112 393
112 419
112 439
112 531
112 645
112 669
112 715
112 764
112 826
112 851
112 860
112 925
112 932
112 953
112 958
112 963
112 998
113 127
113 186
113 254
113 278
113 358
113 386
113 404
113 405
113 407
113 422
113 462
113 472
113 485
113 526
113 573
113 575
113 594
113 596
113 598
113 649
113 713
113 727
113 824
113 895
113 914
114 169
114 177
114 248
114 280
114 290
114 370
114 378
114 427
114 471
114 567
114 580
114 615
114 729
114 747
114 759
114 766
114 768
114 808
114 825
114 835
114 922
114 946
115 144
115 201
115 291
115 319
115 440
115 446
115 514
115 564
115 623
115 652
115 679
115 717
115 874
115 974
116 148
116 192
116 199
116 240
116 293
116 373
116 411
116 448
116 456
116 464
116 673
116 734
116 741
116 829
116 886
116 924
117 195
117 264
117 271
117 329
117 388
117 414
117 461
117 517
117 524
117 527
117 528
117 533
117 541
117 562
117 576
117 634
117 639
117 644
117 672
117 765
117 778
117 800
117 879
117 943
118 218
118 245
118 266
118 297
118 339
118 342
118 368
118 521
118 557
118 579
118 583
118 589
118 627
118 637
118 666
118 758
118 771
118 809
118 811
118 893
119 156
119 184
119 416
119 462
119 531
119 575
119 594
119 616
119 665
119 700
119 715
119 748
119 775
119 780
119 805
119 828
119 841
119 925
119 932
119 987
120 138
120 140
120 166
120 214
120 281
120 313
120 316
120 374
120 419
120 426
120 439
120 504
120 531
120 764
120 851
120 856
120 860
120 925
120 953
120 998
121 172
121 176
121 193
121 247
121 369
121 401
121 554
121 642
121 683
121 751
121 753
121 782
121 820
121 836
121 984
122 129
122 165
122 182
122 266
122 327
122 328
122 487
122 520
122 521
122 560
122 643
122 646
122 670
122 689
122 732
122 799
122 803
122 861
122 870
122 883
122 919
122 929
122 933
122 951
122 957
122 976
123 204
123 215
123 251
123 307
123 317
123 402
123 436
123 453
123 478
123 568
123 585
123 708
123 712
123 917
123 981
124 140
124 214
124 250
124 308
124 312
124 313
124 360
124 374
124 382
124 391
124 400
124 447
124 540
124 572
124 705
124 730
124 817
124 819
124 851
124 856
124 953
124 982
125 186
125 254
125 280
125 311
125 370
125 375
125 386
125 404
125 422
125 440
125 446
125 525
125 526
125 545
125 573
125 587
125 598
125 623
125 665
125 667
125 707
125 713
125 727
125 824
125 895
126 130
126 159
126 180
126 181
126 198
126 228
126 292
126 305
126 353
126 396
126 413
126 417
126 424
126 558
126 588
126 682
126 740
126 762
126 767
126 785
126 831
126 902
126 966
126 992
127 186
127 254
127 358
127 386
127 404
127 405
127 422
127 485
127 519
127 526
127 573
127 598
127 649
127 713
127 725
127 727
127 824
127 887
127 895
127 914
127 918
128 141
128 211
128 261
128 288
128 344
128 367
128 381
128 408
128 498
128 534
128 593
128 613
128 656
128 680
128 749
128 898
128 905
128 961
128 977
129 165
129 178
129 182
129 207
129 246
129 328
129 346
129 377
129 399
129 441
129 465
129 491
129 520
129 560
129 571
129 628
129 646
129 689
129 698
129 710
129 716
129 789
129 799
129 803
129 861
129 870
129 883
129 919
129 933
129 969
129 976
130 147
130 150
130 180
130 183
130 228
130 269
130 300
130 305
130 345
130 415
130 417
130 435
130 515
130 558
130 569
130 581
130 588
130 682
130 740
130 762
130 767
130 785
130 872
130 902
130 945
130 955
130 966
131 158
131 163
131 206
131 218
131 224
131 227
131 245
131 297
131 318
131 354
131 437
131 507
131 538
131 557
131 559
131 563
131 579
131 583
131 627
131 635
131 697
131 739
131 777
131 796
131 809
131 814
131 855
131 884
131 893
131 899
131 903
131 939
131 986
132 142
132 178
132 207
132 209
132 246
132 260
132 302
132 314
132 346
132 376
132 377
132 395
132 465
132 469
132 560
132 565
132 628
132 698
132 710
132 716
132 731
132 781
132 789
132 883
132 897
132 914
132 967
132 988
133 189
133 211
133 223
133 237
133 258
133 322
133 331
133 340
133 344
133 381
133 409
133 425
133 513
133 613
133 723
133 754
133 791
133 793
133 797
133 881
133 935
133 994
134 145
134 173
134 177
134 248
134 298
134 578
134 615
134 629
134 752
134 768
134 798
134 936
134 946
135 161
135 255
135 323
135 443
135 459
135 484
135 539
135 543
135 546
135 590
135 591
135 640
135 658
135 681
135 695
135 757
135 770
135 772
135 813
135 913
135 920
136 146
136 177
136 200
136 210
136 290
136 298
136 348
136 455
136 615
136 629
136 663
136 720
136 729
136 745
136 759
136 768
136 807
136 950
137 309
137 366
137 443
137 450
137 484
137 523
137 543
137 570
137 609
137 640
137 736
137 757
137 802
137 818
137 839
138 162
138 166
138 184
138 268
138 281
138 316
138 326
138 338
138 359
138 363
138 384
138 410
138 426
138 439
138 531
138 775
138 780
138 840
138 889
139 142
139 222
139 239
139 302
139 395
139 473
139 518
139 552
139 553
139 565
139 630
139 650
139 678
139 696
139 795
139 858
139 867
139 909
139 937
139 971
139 990
140 214
140 250
140 281
140 296
140 308
140 312
140 313
140 360
140 374
140 382
140 391
140 400
140 447
140 504
140 540
140 572
140 709
140 819
140 851
140 856
140 953
140 982
141 167
141 261
141 282
141 356
141 593
141 622
141 671
141 726
141 894
141 905
141 959
141 961
141 977
142 209
142 239
142 260
142 265
142 302
142 395
142 552
142 553
142 565
142 678
142 696
142 784
142 795
142 858
142 867
142 909
142 971
142 988
142 990
143 165
143 175
143 266
143 327
143 335
143 340
143 425
143 432
143 445
143 487
143 500
143 595
143 643
143 670
143 732
143 771
143 791
143 837
143 929
143 930
143 951
143 957
144 201
144 291
144 319
144 446
144 514
144 564
144 652
144 679
144 717
144 874
144 877
144 974
145 173
145 213
145 578
145 629
145 752
145 936
146 210
146 279
146 325
146 348
146 455
146 518
146 663
146 678
146 720
146 745
146 807
146 864
146 950
146 980
147 150
147 198
147 229
147 269
147 300
147 305
147 333
147 345
147 380
147 415
147 417
147 435
147 474
147 682
147 694
147 762
147 767
147 872
147 955
147 966
148 159
148 199
148 292
148 293
148 373
148 523
148 673
148 736
148 741
148 804
148 886
148 992
149 219
149 271
149 273
149 321
149 392
149 461
149 524
149 562
149 605
149 644
149 648
149 705
149 765
149 794
149 832
149 834
149 938
149 962
149 964
150 198
150 229
150 269
150 300
150 305
150 333
150 380
150 387
150 413
150 415
150 417
150 424
150 435
150 474
150 558
150 682
150 694
150 740
150 762
150 767
150 872
150 955
150 966
151 187
151 304
151 330
151 355
151 544
151 610
151 773
151 956
151 960
151 972
151 996
152 190
152 202
152 203
152 270
152 403
152 470
152 505
152 602
152 607
152 624
152 651
152 686
152 703
152 790
152 949
153 208
153 285
153 347
153 372
153 438
153 451
153 463
153 619
153 647
153 706
153 923
153 941
153 944
153 972
154 196
154 249
154 253
154 323
154 334
154 387
154 412
154 458
154 551
154 658
154 711
154 724
154 770
154 772
154 813
154 852
154 952
154 970
154 978
155 189
155 223
155 272
155 330
155 431
155 454
155 509
155 544
155 601
155 610
155 737
155 773
155 787
155 822
155 863
155 869
155 896
155 956
155 960
155 994
156 184
156 350
156 393
156 406
156 416
156 522
156 531
156 575
156 616
156 665
156 667
156 715
156 748
156 775
156 805
156 828
156 841
156 925
156 932
156 958
156 987
157 389
157 433
157 442
157 468
157 532
157 548
157 633
157 701
157 738
157 878
157 931
157 993
158 163
158 227
158 230
158 243
158 245
158 256
158 286
158 318
158 368
158 466
158 507
158 538
158 549
158 557
158 559
158 563
158 583
158 589
158 697
158 739
158 774
158 777
158 809
158 814
158 837
158 844
158 855
158 893
158 903
158 986
159 180
159 181
159 228
159 292
159 353
159 413
159 417
159 424
159 558
159 588
159 740
159 762
159 767
159 785
159 804
159 831
159 902
159 966
159 992
160 176
160 193
160 247
160 287
160 369
160 554
160 604
160 606
160 631
160 642
160 655
160 657
160 664
160 733
160 751
160 753
160 782
160 820
160 906
161 196
161 220
161 255
161 459
161 484
161 493
161 539
161 543
161 546
161 590
161 591
161 658
161 681
161 695
161 757
161 761
161 770
161 772
161 813
161 913
161 920
162 166
162 184
162 268
162 316
162 326
162 338
162 359
162 363
162 384
162 410
162 426
162 439
162 512
162 780
162 840
162 889
163 206
163 227
163 245
163 303
163 318
163 354
163 437
163 507
163 536
163 538
163 559
163 563
163 627
163 635
163 697
163 735
163 739
163 777
163 796
163 814
163 855
163 899
163 939
163 986
164 188
164 234
164 257
164 341
164 357
164 421
164 480
164 494
164 496
164 597
164 611
164 661
164 684
164 714
164 826
164 859
164 963
165 175
165 182
165 266
165 327
165 328
165 335
165 432
165 445
165 487
165 520
165 521
165 643
165 646
165 670
165 732
165 799
165 803
165 883
165 929
165 930
165 933
165 951
165 957
165 976
166 184
166 214
166 281
166 313
166 316
166 338
166 359
166 410
166 426
166 439
166 504
166 531
166 715
166 764
166 780
166 840
166 889
166 925
166 998
167 261
167 282
167 283
167 434
167 574
167 622
167 671
167 676
167 726
167 894
167 900
167 959
167 977
168 208
168 294
168 347
168 473
168 552
168 561
168 619
168 647
168 650
168 783
169 280
169 290
169 370
169 378
169 580
169 615
169 725
169 747
169 759
169 766
169 768
169 808
169 825
169 835
169 918
169 922
170 215
170 218
170 224
170 307
170 339
170 342
170 453
170 579
170 585
170 620
170 637
170 758
170 842
170 884
170 908
170 942
170 981
171 205
171 243
171 303
171 306
171 362
171 367
171 408
171 498
171 503
171 549
171 593
171 656
171 750
171 774
171 898
171 949
172 193
172 217
172 401
172 530
172 683
172 751
172 954
173 213
173 578
173 752
173 936
174 231
174 232
174 324
174 371
174 429
174 486
174 662
174 690
174 792
174 833
174 847
174 880
174 911
175 327
175 340
175 364
175 432
175 445
175 487
175 509
175 595
175 670
175 737
175 754
175 756
175 787
175 791
175 921
175 929
175 930
175 951
175 957
176 193
176 247
176 369
176 490
176 554
176 642
176 683
176 751
176 753
176 782
176 788
176 820
176 836
176 906
176 984
177 290
177 298
177 455
177 615
177 629
177 729
177 745
177 752
177 759
177 768
177 946
178 207
178 246
178 265
178 314
178 346
178 377
178 444
178 451
178 463
178 475
178 560
178 628
178 710
178 716
178 756
178 784
178 789
178 830
178 883
178 921
178 933
178 988
179 221
179 457
179 550
179 685
179 816
179 916
179 995
180 181
180 228
180 292
180 305
180 353
180 396
180 413
180 417
180 558
180 581
180 588
180 682
180 740
180 762
180 767
180 785
180 902
180 966
180 992
181 228
181 292
181 305
181 353
181 396
181 413
181 417
181 558
181 588
181 740
181 767
181 785
181 902
181 966
181 992
182 246
182 328
182 399
182 441
182 491
182 520
182 560
182 571
182 646
182 666
182 689
182 799
182 803
182 861
182 870
182 883
182 919
182 933
182 969
182 976
183 236
183 305
183 320
183 343
183 345
183 415
183 482
183 515
183 569
183 581
183 685
183 810
183 872
183 945
183 955
184 268
184 316
184 326
184 338
184 359
184 363
184 384
184 410
184 439
184 531
184 715
184 775
184 780
184 828
184 840
184 841
184 889
184 925
184 987
185 204
185 228
185 396
185 448
185 464
185 488
185 581
185 588
185 687
185 742
185 992
186 254
186 358
186 375
186 386
186 404
186 405
186 407
186 422
186 462
186 485
186 526
186 545
186 573
186 575
186 594
186 598
186 649
186 665
186 667
186 700
186 713
186 727
186 824
186 895
187 304
187 330
187 355
187 544
187 601
187 610
187 706
187 773
187 869
187 956
187 960
187 972
187 996
188 194
188 234
188 244
188 257
188 341
188 350
188 357
188 393
188 397
188 419
188 421
188 480
188 522
188 547
188 586
188 597
188 611
188 625
188 645
188 669
188 714
188 764
188 826
188 851
188 860
188 958
188 963
188 998
189 223
189 237
189 331
189 340
189 409
189 431
189 454
189 509
189 513
189 721
189 737
189 754
189 791
189 793
189 797
189 822
189 881
189 891
189 896
189 935
189 994
190 203
190 270
190 274
190 275
190 403
190 449
190 470
190 505
190 602
190 651
190 686
190 703
190 750
190 790
190 949
191 267
191 332
191 390
191 489
191 501
191 506
191 510
191 511
191 517
191 529
191 541
191 636
191 653
191 815
191 875
191 892
191 968
191 985
192 212
192 215
192 240
192 317
192 351
192 411
192 428
192 437
192 448
192 456
192 460
192 464
192 537
192 584
192 673
192 734
192 735
192 741
192 779
192 829
192 917
192 924
193 247
193 369
193 401
193 490
193 554
193 642
193 683
193 751
193 753
193 782
193 788
193 820
193 836
193 906
193 984
194 226
194 234
194 244
194 257
194 350
194 357
194 393
194 397
194 419
194 421
194 480
194 522
194 547
194 586
194 625
194 645
194 669
194 714
194 764
194 805
194 826
194 860
194 925
194 932
194 958
194 963
194 998
195 264
195 271
195 388
195 414
195 533
195 562
195 576
195 634
195 639
195 672
195 765
195 800
195 879
195 943
196 253
196 323
196 334
196 365
196 412
196 423
196 458
196 551
196 641
196 658
196 693
196 770
196 772
196 813
196 852
196 952
196 970
196 978
197 295
197 339
197 342
197 399
197 499
197 612
197 637
197 666
197 689
197 728
197 758
197 776
197 821
197 861
197 876
197 908
197 942
197 947
198 229
198 300
198 333
198 352
198 353
198 387
198 413
198 417
198 424
198 435
198 474
198 682
198 711
198 740
198 762
198 767
198 831
198 966
199 259
199 293
199 373
199 418
199 479
199 523
199 691
199 736
199 741
199 804
199 806
199 886
199 901
200 210
200 222
200 239
200 290
200 678
200 759
200 845
200 867
200 885
200 950
200 990
201 252
201 291
201 311
201 319
201 406
201 440
201 446
201 514
201 525
201 564
201 623
201 652
201 679
201 707
201 717
201 874
201 877
201 974
202 315
202 356
202 362
202 403
202 481
202 607
202 651
202 668
202 686
202 702
202 703
202 868
202 949
203 231
203 232
203 270
203 371
203 403
203 470
203 505
203 602
203 607
203 624
203 651
203 662
203 686
203 790
203 847
203 853
204 215
204 251
204 317
204 351
204 361
204 402
204 456
204 460
204 478
204 488
204 537
204 584
204 708
204 742
204 779
204 812
204 917
204 981
205 206
205 243
205 303
205 306
205 354
205 362
205 498
205 503
205 507
205 549
205 697
205 739
205 750
205 777
205 827
206 227
206 274
206 303
206 306
206 318
206 349
206 354
206 449
206 507
206 536
206 538
206 559
206 563
206 621
206 635
206 697
206 735
206 739
206 777
206 814
206 827
206 899
206 939
207 246
207 265
207 314
207 346
207 377
207 444
207 451
207 463
207 475
207 560
207 628
207 646
207 710
207 716
207 756
207 784
207 789
207 799
207 830
207 883
207 921
207 933
207 988
208 347
208 372
208 438
208 619
208 647
208 706
208 941
208 972
209 222
209 260
209 302
209 376
209 395
209 469
209 485
209 519
209 698
209 710
209 716
209 731
209 781
209 845
209 885
209 887
209 897
209 914
209 967
209 971
210 290
210 325
210 348
210 455
210 518
210 663
210 678
210 720
210 729
210 745
210 807
210 950
210 980
210 990
211 235
211 237
211 258
211 261
211 288
211 322
211 344
211 381
211 534
211 593
211 613
211 656
211 680
211 723
211 749
211 793
211 891
211 905
211 935
211 961
212 215
212 240
212 317
212 351
212 411
212 428
212 437
212 456
212 460
212 537
212 584
212 635
212 708
212 734
212 735
212 779
212 796
212 829
212 842
212 917
212 924
213 578
213 936
214 281
214 313
214 374
214 382
214 426
214 439
214 447
214 504
214 540
214 709
214 764
214 851
214 856
214 953
215 224
215 307
215 317
215 351
215 428
215 437
215 456
215 460
215 537
215 584
215 585
215 708
215 779
215 842
215 884
215 917
215 981
216 263
216 295
216 307
216 363
216 379
216 394
216 453
216 492
216 499
216 512
216 618
216 620
216 712
216 821
216 904
216 908
216 942
216 965
216 989
217 355
217 401
217 530
217 592
217 600
217 869
217 954
217 960
218 224
218 245
218 297
218 339
218 342
218 557
218 559
218 579
218 583
218 627
218 637
218 758
218 809
218 811
218 884
218 893
219 271
219 273
219 312
219 392
219 430
219 535
219 562
219 605
219 632
219 648
219 677
219 704
219 705
219 722
219 730
219 765
219 832
219 834
219 938
219 962
219 964
220 241
220 255
220 262
220 277
220 365
220 383
220 423
220 493
220 495
220 539
220 590
220 591
220 641
220 681
220 693
220 761
220 770
220 915
221 345
221 415
221 457
221 482
221 550
221 569
221 685
221 872
221 916
222 239
222 260
222 302
222 376
222 519
222 553
222 678
222 696
222 725
222 781
222 845
222 867
222 885
222 887
222 918
222 971
222 990
223 237
223 331
223 340
223 431
223 454
223 509
223 513
223 601
223 721
223 737
223 754
223 791
223 797
223 822
223 863
223 881
223 891
223 896
223 994
224 245
224 297
224 428
224 437
224 557
224 559
224 579
224 585
224 627
224 635
224 758
224 779
224 796
224 809
224 842
224 884
224 899
224 939
225 289
225 321
225 332
225 461
225 467
225 506
225 510
225 524
225 541
225 555
225 566
225 582
225 644
225 660
225 675
225 688
225 743
225 746
225 778
225 794
225 801
225 843
225 850
225 854
225 962
225 968
225 999
226 244
226 252
226 350
226 393
226 397
226 406
226 416
226 480
226 522
226 547
226 586
226 616
226 625
226 669
226 748
226 786
226 805
226 857
226 873
226 877
226 926
226 932
226 958
226 983
227 243
227 245
227 303
227 318
227 354
227 507
227 536
227 538
227 559
227 563
227 635
227 697
227 739
227 777
227 796
227 814
227 827
227 855
227 899
227 939
227 986
228 305
228 396
228 413
228 417
228 515
228 558
228 581
228 588
228 682
228 687
228 740
228 762
228 767
228 785
228 902
228 966
228 992
229 269
229 300
229 333
229 352
229 380
229 387
229 415
229 417
229 424
229 435
229 474
229 682
229 694
229 762
229 767
229 872
229 955
229 966
230 243
230 256
230 266
230 286
230 335
230 368
230 425
230 466
230 500
230 507
230 521
230 549
230 563
230 583
230 589
230 670
230 723
230 755
230 771
230 774
230 837
230 844
230 855
230 893
230 903
230 986
231 232
231 259
231 270
231 309
231 371
231 418
231 429
231 486
231 542
231 570
231 614
231 662
231 690
231 719
231 790
231 833
231 880
231 911
231 979
232 259
232 309
232 371
232 418
232 429
232 486
232 542
232 570
232 614
232 662
232 690
232 719
232 833
232 880
232 911
232 979
233 430
233 535
233 632
233 638
233 648
233 677
233 701
233 722
233 927
233 973
233 993
234 257
234 341
234 357
234 398
234 419
234 421
234 480
234 494
234 496
234 572
234 597
234 645
234 661
234 684
234 764
234 826
234 851
234 859
234 953
234 963
235 242
235 261
235 344
235 490
235 534
235 680
235 721
235 749
235 788
235 793
235 891
235 905
235 959
236 320
236 343
236 345
236 482
236 515
236 569
236 699
236 810
236 816
236 862
236 875
236 945
237 258
237 322
237 331
237 340
237 344
237 409
237 454
237 513
237 680
237 721
237 749
237 754
237 793
237 797
237 881
237 891
237 935
237 994
238 267
238 329
238 385
238 390
238 420
238 452
238 501
238 517
238 527
238 528
238 603
238 653
238 815
238 892
238 985
239 302
239 395
239 518
239 553
239 565
239 630
239 678
239 696
239 795
239 845
239 858
239 867
239 909
239 937
239 971
239 990
240 349
240 351
240 411
240 428
240 437
240 456
240 460
240 584
240 635
240 734
240 735
240 741
240 779
240 796
240 829
240 899
240 924
241 277
241 365
241 383
241 412
241 423
241 458
241 495
241 641
241 693
241 770
241 915
241 952
242 331
242 490
242 721
242 797
242 836
242 863
242 891
242 984
243 256
243 286
243 303
243 306
243 354
243 503
243 507
243 538
243 549
243 563
243 723
243 739
243 755
243 774
243 777
243 814
243 844
243 855
243 893
243 903
243 986
244 252
244 257
244 291
244 357
244 393
244 397
244 421
244 480
244 522
244 547
244 586
244 597
244 611
244 625
244 669
244 714
244 786
244 857
244 873
244 877
244 926
244 958
244 983
245 297
245 318
245 538
245 557
245 559
245 563
245 579
245 583
245 589
245 627
245 739
245 758
245 809
245 811
245 814
245 855
245 884
245 893
245 903
245 939
245 986
246 314
246 346
246 377
246 441
246 444
246 465
246 475
246 560
246 571
246 628
246 646
246 698
246 710
246 716
246 731
246 789
246 799
246 803
246 830
246 870
246 883
246 919
246 933
247 369
247 490
247 554
247 642
247 683
247 751
247 753
247 782
247 788
247 820
247 836
247 906
247 984
248 284
248 336
248 427
248 471
248 508
248 567
248 615
248 718
248 747
248 752
248 798
248 808
248 823
248 849
248 922
248 928
248 946
249 323
249 334
249 387
249 424
249 443
249 551
249 658
249 711
249 744
249 757
249 772
249 813
249 831
249 852
249 970
249 978
250 312
250 360
250 374
250 382
250 391
250 398
250 400
250 447
250 572
250 632
250 677
250 704
250 705
250 730
250 817
250 819
250 851
250 856
250 953
250 982
251 361
251 402
251 478
251 488
251 659
251 708
251 742
251 812
251 917
252 291
252 393
252 397
252 406
252 416
252 522
252 547
252 586
252 616
252 623
252 625
252 652
252 669
252 707
252 786
252 805
252 857
252 873
252 877
252 926
252 958
252 983
253 323
253 334
253 352
253 387
253 412
253 458
253 551
253 724
253 772
253 813
253 852
253 952
253 970
253 978
254 358
254 375
254 386
254 404
254 405
254 422
254 462
254 526
254 545
254 573
254 575
254 594
254 598
254 649
254 665
254 667
254 713
254 727
254 824
254 895
255 262
255 365
255 383
255 459
255 484
255 493
255 495
255 539
255 546
255 590
255 591
255 641
255 658
255 681
255 695
255 761
255 770
255 772
255 813
255 913
255 920
256 258
256 286
256 381
256 425
256 466
256 500
256 503
256 507
256 538
256 549
256 563
256 613
256 723
256 739
256 755
256 774
256 814
256 837
256 844
256 855
256 893
256 903
256 986
257 341
257 357
257 397
257 421
257 480
257 547
257 597
257 611
257 661
257 714
257 873
258 288
258 322
258 344
258 381
258 409
258 425
258 500
258 513
258 549
258 613
258 723
258 755
258 774
258 793
258 881
258 935
259 274
259 275
259 371
259 418
259 479
259 505
259 523
259 542
259 691
259 719
259 806
259 901
259 979
260 302
260 376
260 395
260 469
260 519
260 565
260 696
260 698
260 710
260 716
260 731
260 781
260 789
260 845
260 887
260 897
260 914
260 967
260 971
261 344
261 534
261 593
261 622
261 680
261 726
261 749
261 894
261 905
261 959
261 961
261 977
262 299
262 459
262 493
262 495
262 539
262 546
262 590
262 681
262 761
262 866
262 912
262 913
262 975
263 295
263 363
263 379
263 384
263 394
263 453
263 492
263 499
263 512
263 618
263 620
263 712
263 776
263 821
263 904
263 908
263 942
263 965
263 989
264 329
264 385
264 388
264 414
264 420
264 452
264 517
264 527
264 528
264 603
264 634
264 672
264 800
264 879
264 943
264 985
265 285
265 302
265 314
265 346
265 377
265 395
265 444
265 451
265 463
265 552
265 565
265 619
265 647
265 716
265 784
265 830
265 909
265 944
265 988
266 286
266 335
266 368
266 445
266 466
266 500
266 521
266 583
266 589
266 643
266 670
266 732
266 771
266 809
266 811
266 837
266 893
266 903
266 957
267 390
267 489
267 501
267 511
267 636
267 653
267 815
267 816
267 875
267 892
267 916
267 985
267 995
268 316
268 326
268 338
268 359
268 363
268 384
268 410
268 512
268 780
268 840
268 889
268 904
268 965
268 989
269 300
269 333
269 345
269 380
269 415
269 417
269 435
269 474
269 682
269 694
269 762
269 767
269 872
269 955
270 371
270 403
270 470
270 505
270 602
270 607
270 624
270 651
270 662
270 686
270 790
270 847
270 853
271 273
271 392
271 461
271 524
271 562
271 576
271 605
271 644
271 765
271 778
271 832
271 834
271 879
271 938
271 964
272 364
272 431
272 438
272 509
272 544
272 595
272 601
272 610
272 706
272 737
272 756
272 773
272 787
272 923
272 956
272 972
273 301
273 392
273 430
273 535
273 562
273 605
273 632
273 648
273 677
273 704
273 705
273 722
273 765
273 832
273 834
273 938
273 964
273 973
274 275
274 303
274 349
274 354
274 449
274 470
274 479
274 505
274 536
274 621
274 750
274 806
274 827
274 901
275 449
275 470
275 479
275 505
275 602
275 621
275 651
275 750
275 806
275 827
275 901
276 278
276 337
276 358
276 407
276 462
276 472
276 594
276 596
276 612
276 649
276 654
276 700
276 828
276 876
276 888
276 947
277 365
277 383
277 423
277 493
277 495
277 641
277 693
277 915
278 358
278 376
278 407
278 465
278 469
278 472
278 485
278 571
278 596
278 649
278 654
278 698
278 731
278 781
278 888
278 897
278 914
278 947
278 967
278 969
279 294
279 325
279 473
279 518
279 561
279 630
279 650
279 678
279 783
279 795
279 858
279 864
279 937
279 950
279 980
280 311
280 370
280 378
280 404
280 422
280 427
280 440
280 508
280 525
280 580
280 587
280 598
280 725
280 747
280 766
280 808
280 823
280 824
280 825
280 835
280 874
280 922
281 313
281 316
281 374
281 419
281 426
281 439
281 531
281 645
281 715
281 764
281 851
281 856
281 860
281 925
281 998
282 283
282 315
282 356
282 622
282 671
282 702
282 726
282 907
282 977
283 356
283 622
283 671
283 676
283 702
283 726
283 907
283 977
284 336
284 427
284 471
284 508
284 567
284 717
284 718
284 747
284 798
284 808
284 823
284 849
284 928
284 946
285 347
285 372
285 438
285 444
285 451
285 463
285 619
285 647
285 706
285 756
285 784
285 830
285 921
285 923
285 941
285 944
285 972
285 988
286 335
286 368
286 425
286 466
286 500
286 507
286 521
286 549
286 563
286 583
286 589
286 670
286 755
286 771
286 809
286 811
286 814
286 837
286 844
286 855
286 893
286 903
286 986
287 369
287 554
287 574
287 604
287 606
287 631
287 642
287 655
287 657
287 664
287 782
287 820
287 906
288 322
288 344
288 367
288 381
288 408
288 409
288 498
288 503
288 534
288 593
288 613
288 656
288 680
288 723
288 749
288 755
288 774
288 793
288 898
288 905
288 935
288 961
289 321
289 332
289 461
289 467
289 476
289 483
289 506
289 510
289 524
289 541
289 555
289 566
289 577
289 582
289 644
289 660
289 675
289 688
289 743
289 746
289 778
289 794
289 801
289 843
289 850
289 854
289 962
289 968
289 999
290 298
290 348
290 455
290 615
290 663
290 729
290 745
290 759
290 768
290 835
290 950
291 652
291 679
291 786
291 857
291 873
291 877
291 926
291 974
291 983
292 293
292 353
292 373
292 396
292 413
292 740
292 785
292 804
292 831
292 886
292 992
293 373
293 448
293 523
293 673
293 736
293 741
293 804
293 886
293 924
293 992
294 473
294 552
294 561
294 630
294 650
294 783
294 795
294 858
294 864
294 937
295 339
295 342
295 399
295 492
295 499
295 512
295 612
295 618
295 637
295 654
295 728
295 776
295 821
295 876
295 904
295 908
295 942
295 947
296 308
296 310
296 312
296 360
296 374
296 391
296 400
296 504
296 516
296 540
296 566
296 577
296 582
296 660
296 675
296 709
296 746
296 760
296 794
296 848
296 850
296 854
296 865
296 910
296 962
296 982
296 997
296 999
297 342
297 557
297 559
297 579
297 583
297 627
297 758
297 809
297 811
297 884
297 893
298 348
298 455
298 578
298 615
298 629
298 663
298 720
298 729
298 745
298 752
298 759
298 768
298 936
299 366
299 539
299 556
299 614
299 640
299 769
299 866
299 912
299 913
299 975
300 305
300 333
300 380
300 413
300 415
300 417
300 435
300 474
300 558
300 682
300 694
300 740
300 762
300 767
300 872
300 902
300 955
300 966
301 389
301 392
301 433
301 468
301 502
301 535
301 548
301 562
301 599
301 605
301 648
301 701
301 738
301 765
301 832
301 882
301 938
301 964
301 993
302 376
302 395
302 553
302 565
302 696
302 716
302 781
302 784
302 845
302 867
302 909
302 971
302 988
302 990
303 306
303 318
303 354
303 449
303 507
303 536
303 538
303 697
303 739
303 750
303 777
303 814
303 827
303 939
304 330
304 544
304 610
304 773
304 956
304 972
304 996
305 345
305 415
305 417
305 515
305 558
305 581
305 588
305 682
305 740
305 762
305 767
305 785
305 872
305 902
305 945
305 955
305 966
306 354
306 362
306 408
306 498
306 503
306 507
306 549
306 739
306 750
306 774
306 777
306 898
307 379
307 394
307 436
307 453
307 492
307 585
307 620
307 708
307 712
307 842
307 908
307 981
308 312
308 360
308 374
308 391
308 400
308 447
308 540
308 566
308 577
308 582
308 675
308 709
308 746
308 760
308 794
308 850
308 854
308 865
308 962
308 982
308 997
309 366
309 418
309 429
309 450
309 486
309 542
309 570
309 609
309 614
309 640
309 719
309 802
309 818
309 839
309 880
309 975
309 979
310 426
310 504
310 516
310 566
310 568
310 608
310 674
310 692
310 709
310 760
310 838
310 846
310 848
310 865
310 910
310 934
310 965
310 989
310 991
310 997
311 319
311 370
311 375
311 378
311 404
311 440
311 446
311 514
311 525
311 545
311 587
311 598
311 623
311 667
311 707
311 713
311 824
311 874
311 895
311 922
312 360
312 374
312 391
312 400
312 447
312 540
312 577
312 582
312 704
312 705
312 730
312 794
312 817
312 819
312 834
312 962
312 982
313 316
313 374
313 426
313 439
313 447
313 504
313 709
313 764
313 856
313 925
313 953
313 998
314 346
314 377
314 444
314 451
314 463
314 475
314 560
314 565
314 628
314 698
314 710
314 716
314 756
314 784
314 789
314 830
314 883
314 921
314 933
314 988
315 356
315 481
315 607
315 668
315 702
315 703
315 868
315 907
316 326
316 338
316 359
316 363
316 384
316 410
316 426
316 439
316 504
316 709
316 780
316 838
316 840
316 889
317 351
317 402
317 428
317 456
317 460
317 478
317 488
317 537
317 584
317 708
317 779
317 842
317 917
317 981
318 354
318 437
318 507
318 536
318 538
318 559
318 563
318 627
318 635
318 697
318 735
318 739
318 777
318 796
318 814
318 855
318 899
318 939
318 986
319 440
319 446
319 514
319 525
319 564
319 587
319 623
319 652
319 679
319 707
319 717
319 874
319 974
320 343
320 345
320 482
320 515
320 569
320 581
320 699
320 810
320 862
320 945
321 400
321 461
321 467
321 524
321 541
321 577
321 582
321 644
321 660
321 675
321 743
321 746
321 778
321 794
321 801
321 834
321 843
321 850
321 854
321 962
321 968
321 982
322 340
322 344
322 381
322 409
322 425
322 500
322 513
322 613
322 723
322 754
322 755
322 774
322 791
322 793
322 797
322 881
322 935
323 334
323 387
323 424
323 443
323 551
323 591
323 658
323 695
323 711
323 744
323 757
323 772
323 813
323 831
323 852
323 970
323 978
324 429
324 486
324 662
324 690
324 792
324 833
324 847
324 911
325 348
325 455
325 473
325 518
325 630
325 663
325 678
325 795
325 807
325 858
325 864
325 937
325 950
325 980
326 337
326 338
326 359
326 363
326 384
326 410
326 512
326 618
326 780
326 840
326 889
326 904
327 364
327 432
327 444
327 445
327 451
327 475
327 487
327 595
327 646
327 670
327 756
327 787
327 921
327 929
327 930
327 933
327 951
327 957
328 399
328 441
328 491
328 520
328 560
328 571
328 643
328 646
328 666
328 689
328 732
328 799
328 803
328 861
328 870
328 883
328 919
328 933
328 969
328 976
329 385
329 388
329 414
329 420
329 452
329 501
329 517
329 527
329 528
329 541
329 603
329 634
329 653
329 778
329 800
329 815
329 892
329 943
329 985
330 355
330 544
330 592
330 600
330 601
330 610
330 773
330 822
330 869
330 896
330 956
330 960
330 996
331 454
331 513
331 721
331 737
331 754
331 793
331 797
331 822
331 836
331 863
331 881
331 891
331 896
331 994
332 467
332 476
332 483
332 489
332 506
332 510
332 511
332 529
332 541
332 555
332 626
332 636
332 660
332 675
332 688
332 743
332 763
332 801
332 843
332 850
332 892
332 968
332 999
333 352
333 380
333 387
333 435
333 474
333 694
333 724
334 352
334 387
334 412
334 458
334 551
334 658
334 724
334 770
334 772
334 813
334 852
334 952
334 970
334 978
335 368
335 425
335 432
335 445
335 466
335 487
335 500
335 521
335 583
335 589
335 643
335 670
335 732
335 771
335 811
335 837
335 844
335 903
335 951
335 957
336 427
336 440
336 471
336 508
336 514
336 567
336 587
336 717
336 718
336 747
336 798
336 808
336 823
336 849
336 874
336 922
336 928
336 946
337 363
337 407
337 472
337 499
337 512
337 594
337 596
337 612
337 618
337 654
337 700
337 775
337 780
337 828
337 876
337 947
338 359
338 363
338 384
338 410
338 426
338 439
338 504
338 780
338 838
338 840
338 889
338 965
338 989
339 342
339 453
339 492
339 585
339 620
339 637
339 666
339 728
339 758
339 776
339 821
339 908
339 942
340 409
340 425
340 431
340 432
340 445
340 454
340 509
340 513
340 595
340 670
340 737
340 754
340 787
340 791
340 797
340 881
340 930
340 935
340 994
341 357
341 421
341 480
341 494
341 496
341 597
341 611
341 661
341 684
341 714
341 826
341 859
341 963
342 453
342 557
342 579
342 620
342 637
342 666
342 728
342 758
342 776
342 821
342 908
342 942
343 345
343 482
343 515
343 529
343 569
343 699
343 810
343 816
343 862
343 875
343 945
344 367
344 381
344 408
344 498
344 534
344 593
344 613
344 656
344 680
344 723
344 749
344 793
344 905
344 935
344 961
345 415
345 457
345 482
345 515
345 550
345 569
345 581
345 685
345 872
345 945
345 955
346 377
346 444
346 451
346 463
346 475
346 560
346 628
346 646
346 710
346 716
346 756
346 784
346 789
346 799
346 830
346 883
346 921
346 933
346 988
347 372
347 438
347 619
347 647
347 706
347 941
347 972
348 455
348 663
348 720
348 729
348 745
348 807
348 950
348 980
349 411
349 449
349 479
349 536
349 621
349 635
349 734
349 735
349 741
349 796
349 806
349 827
349 829
349 899
349 939
350 393
350 397
350 416
350 419
350 522
350 531
350 547
350 586
350 616
350 625
350 645
350 669
350 715
350 748
350 764
350 786
350 805
350 860
350 925
350 932
350 958
350 983
350 998
351 428
351 437
351 456
351 460
351 488
351 537
351 584
351 708
351 779
351 829
351 842
351 917
351 981
352 387
352 435
352 474
352 694
352 724
352 852
352 970
352 978
353 413
353 417
353 424
353 711
353 740
353 744
353 762
353 767
353 785
353 831
353 902
353 966
354 449
354 507
354 536
354 538
354 559
354 563
354 635
354 697
354 739
354 777
354 814
354 827
354 855
354 899
354 939
354 986
355 530
355 592
355 600
355 773
355 822
355 863
355 869
355 954
355 960
355 996
356 481
356 622
356 668
356 671
356 702
356 907
356 961
356 977
357 397
357 421
357 480
357 547
357 597
357 611
357 661
357 714
357 873
358 386
358 405
358 407
358 422
358 462
358 472
358 485
358 526
358 573
358 575
358 594
358 596
358 598
358 649
358 700
358 713
358 727
358 824
358 895
358 914
359 363
359 379
359 384
359 394
359 410
359 426
359 512
359 780
359 838
359 840
359 889
359 904
359 965
359 989
360 374
360 382
360 391
360 400
360 447
360 540
360 572
360 577
360 632
360 704
360 705
360 730
360 794
360 817
360 819
360 834
360 856
360 962
360 982
361 402
361 478
361 488
361 617
361 659
361 742
361 812
361 862
361 948
362 367
362 403
362 408
362 498
362 593
362 656
362 703
362 750
362 898
362 949
363 379
363 384
363 394
363 410
363 492
363 499
363 512
363 618
363 780
363 840
363 889
363 904
363 965
364 444
364 451
364 475
364 487
364 595
364 756
364 787
364 921
364 923
364 929
364 930
364 944
364 951
365 383
365 412
365 423
365 458
365 493
365 495
365 641
365 693
365 770
365 772
365 915
365 952
366 450
366 484
366 486
366 543
366 556
366 570
366 609
366 614
366 640
366 769
366 818
366 839
366 866
366 880
366 912
366 920
366 975
367 381
367 408
367 498
367 503
367 593
367 656
367 898
367 961
368 466
368 500
368 521
368 583
368 589
368 643
368 670
368 732
368 771
368 809
368 811
368 837
368 844
368 893
368 903
369 477
369 554
369 604
369 631
369 642
369 655
369 657
369 664
369 683
369 733
369 751
369 753
369 782
369 820
369 871
369 890
369 906
370 378
370 404
370 405
370 422
370 440
370 525
370 526
370 573
370 580
370 587
370 598
370 725
370 727
370 747
370 766
370 824
370 825
370 835
370 895
370 918
370 922
371 429
371 486
371 505
371 542
371 602
371 662
371 690
371 719
371 790
371 833
371 880
371 911
371 979
372 438
372 619
372 647
372 706
372 923
372 941
372 944
372 956
372 972
373 523
373 673
373 736
373 741
373 804
373 886
374 382
374 391
374 400
374 426
374 447
374 504
374 540
374 572
374 709
374 819
374 851
374 856
374 953
374 982
375 386
375 404
375 406
375 446
375 462
375 525
375 526
375 545
375 573
375 575
375 598
375 623
375 665
375 667
375 707
375 713
375 727
375 824
375 895
376 465
376 469
376 485
376 519
376 698
376 710
376 716
376 731
376 781
376 845
376 885
376 887
376 897
376 914
376 967
376 971
377 441
377 444
377 475
377 560
377 628
377 646
377 698
377 710
377 716
377 789
377 799
377 830
377 883
377 919
377 933
377 988
378 405
378 422
378 427
378 440
378 508
378 525
378 580
378 587
378 598
378 725
378 747
378 766
378 808
378 823
378 824
378 825
378 835
378 918
378 922
379 384
379 394
379 410
379 436
379 453
379 492
379 608
379 620
379 674
379 712
379 838
379 840
379 904
379 908
379 965
379 989
380 415
380 435
380 474
380 694
380 872
380 955
381 408
381 409
381 498
381 503
381 549
381 613
381 656
381 680
381 723
381 755
381 774
381 793
381 935
382 398
382 447
382 572
382 645
382 730
382 817
382 819
382 826
382 851
382 856
382 953
382 963
383 423
383 493
383 495
383 590
383 641
383 693
383 761
383 915
384 394
384 410
384 512
384 780
384 838
384 840
384 889
384 904
384 965
384 989
385 388
385 414
385 420
385 452
385 517
385 527
385 528
385 603
385 634
385 653
385 800
385 943
385 985
386 404
386 405
386 422
386 462
386 485
386 519
386 526
386 573
386 598
386 649
386 713
386 725
386 727
386 824
386 895
386 918
387 417
387 424
387 435
387 474
387 551
387 711
387 724
387 831
387 852
387 970
387 978
388 414
388 420
388 452
388 517
388 527
388 528
388 533
388 576
388 603
388 634
388 672
388 800
388 879
388 943
388 985
389 433
389 442
389 468
389 502
389 532
389 548
389 599
389 633
389 701
389 738
389 878
389 882
389 931
389 938
389 993
390 457
390 489
390 501
390 511
390 636
390 653
390 815
390 816
390 875
390 892
390 916
390 995
391 400
391 447
391 540
391 577
391 582
391 705
391 730
391 746
391 794
391 819
391 854
391 856
391 962
391 982
391 997
392 430
392 535
392 562
392 605
392 632
392 648
392 677
392 704
392 705
392 722
392 765
392 832
392 834
392 938
392 964
392 973
393 397
393 416
393 419
393 480
393 522
393 547
393 586
393 616
393 625
393 645
393 669
393 715
393 748
393 764
393 786
393 805
393 857
393 860
393 925
393 932
393 958
393 983
393 998
394 436
394 453
394 492
394 512
394 618
394 620
394 712
394 840
394 904
394 908
394 965
394 989
395 552
395 553
395 565
395 696
395 784
395 795
395 858
395 867
395 909
395 971
395 988
395 990
396 448
396 464
396 558
396 581
396 588
396 673
396 687
396 785
396 902
396 992
397 421
397 480
397 522
397 547
397 586
397 611
397 625
397 669
397 714
397 786
397 805
397 857
397 873
397 877
397 926
397 958
397 983
398 447
398 496
398 572
398 684
398 730
398 817
398 819
398 826
398 851
398 859
398 953
398 963
399 441
399 491
399 499
399 520
399 571
399 612
399 654
399 666
399 689
399 728
399 776
399 799
399 803
399 821
399 861
399 870
399 876
399 888
399 919
399 947
399 969
399 976
400 447
400 540
400 566
400 577
400 582
400 746
400 794
400 834
400 850
400 854
400 962
400 982
400 997
401 530
401 600
401 683
401 751
401 954
401 984
402 478
402 488
402 537
402 659
402 708
402 742
402 812
402 917
402 981
403 470
403 505
403 602
403 624
403 651
403 686
403 703
403 750
403 790
403 868
403 949
404 405
404 422
404 462
404 525
404 526
404 545
404 573
404 575
404 598
404 623
404 665
404 667
404 707
404 713
404 727
404 824
404 895
405 422
405 485
405 519
405 526
405 573
405 580
405 598
405 725
405 727
405 766
405 824
405 825
405 845
405 885
405 887
405 895
405 918
406 416
406 446
406 522
406 545
406 586
406 616
406 623
406 625
406 665
406 667
406 707
406 713
406 748
406 786
406 805
406 857
406 932
406 958
406 983
407 462
407 469
407 472
407 485
407 594
407 596
407 649
407 654
407 700
407 828
407 876
407 888
407 914
407 947
407 967
408 498
408 503
408 549
408 593
408 613
408 656
408 723
408 755
408 774
408 898
408 961
409 425
409 500
409 513
409 613
409 723
409 754
409 755
409 791
409 793
409 797
409 881
409 935
410 426
410 512
410 780
410 838
410 840
410 889
410 904
410 965
410 989
411 536
411 621
411 635
411 734
411 735
411 741
411 796
411 806
411 829
411 899
411 924
412 423
412 458
412 551
412 641
412 693
412 770
412 772
412 813
412 852
412 952
412 978
413 417
413 424
413 435
413 474
413 558
413 588
413 682
413 711
413 740
413 762
413 767
413 785
413 831
413 902
413 966
414 420
414 452
414 517
414 527
414 528
414 541
414 576
414 603
414 634
414 653
414 672
414 778
414 800
414 815
414 879
414 943
414 985
415 435
415 482
415 550
415 569
415 682
415 685
415 694
415 762
415 872
415 955
416 522
416 545
416 586
416 616
416 625
416 665
416 667
416 669
416 707
416 715
416 748
416 786
416 805
416 841
416 932
416 958
416 983
417 424
417 435
417 474
417 558
417 588
417 682
417 740
417 762
417 767
417 785
417 902
417 955
417 966
418 450
418 479
418 523
418 542
418 570
418 609
418 691
418 719
418 736
418 818
418 901
418 979
419 645
419 669
419 764
419 826
419 851
419 860
419 925
419 953
419 958
419 963
419 998
420 452
420 501
420 517
420 527
420 528
420 603
420 634
420 653
420 800
420 815
420 943
420 985
421 480
421 494
421 496
421 547
421 597
421 611
421 661
421 669
421 714
421 826
421 873
421 963
422 526
422 573
422 580
422 598
422 713
422 725
422 727
422 766
422 824
422 825
422 885
422 887
422 895
422 918
423 458
423 641
423 693
423 770
423 915
423 952
424 435
424 474
424 711
424 740
424 744
424 762
424 831
424 966
425 432
425 445
425 466
425 500
425 613
425 670
425 723
425 755
425 771
425 791
425 837
425 844
425 935
426 439
426 504
426 516
426 709
426 760
426 838
426 840
426 848
426 889
426 997
427 440
427 471
427 508
427 567
427 587
427 717
427 718
427 747
427 798
427 808
427 823
427 849
427 874
427 922
427 928
427 946
428 437
428 456
428 460
428 537
428 579
428 584
428 635
428 708
428 735
428 779
428 796
428 829
428 842
428 884
428 899
428 917
429 486
429 542
429 570
429 614
429 662
429 690
429 719
429 792
429 833
429 880
429 911
429 979
430 535
430 632
430 638
430 648
430 677
430 704
430 705
430 722
430 730
430 817
430 927
430 973
431 454
431 509
431 544
431 595
431 601
431 610
431 737
431 754
431 773
431 787
431 791
431 822
431 896
431 956
431 994
432 445
432 487
432 595
432 643
432 670
432 754
432 787
432 791
432 929
432 930
432 951
432 957
433 442
433 468
433 502
433 532
433 548
433 599
433 633
433 701
433 738
433 878
433 931
433 993
434 574
434 606
434 622
434 671
434 676
434 726
434 894
434 900
434 959
435 474
435 682
435 694
435 740
435 762
435 767
435 872
435 955
435 966
436 453
436 478
436 568
436 585
436 608
436 620
436 708
436 712
436 908
436 917
436 981
437 460
437 559
437 579
437 627
437 635
437 735
437 779
437 796
437 829
437 842
437 884
437 899
437 939
438 451
438 544
438 619
438 647
438 706
438 923
438 941
438 944
438 956
438 972
439 531
439 715
439 764
439 780
439 860
439 889
439 925
439 998
440 446
440 508
440 514
440 525
440 587
440 623
440 707
440 717
440 747
440 808
440 823
440 849
440 874
440 922
441 465
441 469
441 491
441 520
441 560
441 571
441 628
441 654
441 689
441 698
441 710
441 716
441 731
441 789
441 799
441 803
441 861
441 870
441 876
441 883
441 888
441 919
441 947
441 967
441 969
441 976
442 468
442 502
442 532
442 548
442 599
442 633
442 878
442 882
442 931
443 459
443 484
443 543
443 546
443 591
443 609
443 640
443 658
443 695
443 744
443 757
443 802
443 813
443 831
443 839
443 920
444 451
444 463
444 475
444 560
444 628
444 646
444 756
444 789
444 830
444 883
444 921
444 929
444 933
444 944
445 487
445 500
445 595
445 643
445 670
445 732
445 771
445 791
445 837
445 929
445 930
445 951
445 957
446 514
446 525
446 564
446 587
446 623
446 652
446 667
446 679
446 707
446 717
446 874
446 974
447 540
447 572
447 730
447 817
447 819
447 851
447 856
447 953
447 982
448 456
448 464
448 488
448 537
448 584
448 673
448 687
448 741
448 829
448 886
448 924
448 992
449 470
449 479
449 505
449 536
449 621
449 651
449 750
449 806
449 827
449 901
450 523
450 542
450 570
450 609
450 614
450 691
450 719
450 736
450 802
450 818
450 839
450 979
451 463
451 475
451 706
451 756
451 784
451 830
451 921
451 923
451 941
451 944
451 988
452 501
452 517
452 527
452 528
452 603
452 634
452 653
452 800
452 815
452 892
452 943
452 985
453 492
453 585
453 620
453 637
453 712
453 904
453 908
453 942
453 981
454 509
454 513
454 595
454 601
454 721
454 737
454 754
454 787
454 791
454 797
454 822
454 863
454 881
454 896
454 994
455 629
455 663
455 720
455 729
455 745
455 807
455 950
455 980
456 460
456 464
456 488
456 537
456 584
456 673
456 687
456 708
456 741
456 779
456 829
456 917
456 924
457 482
457 550
457 569
457 685
457 816
457 916
457 995
458 551
458 641
458 693
458 770
458 772
458 852
458 952
458 978
459 484
459 539
459 543
459 546
459 590
459 591
459 640
459 658
459 681
459 695
459 757
459 761
459 813
459 866
459 912
459 913
459 920
459 975
460 537
460 584
460 585
460 708
460 779
460 829
460 842
460 884
460 917
460 981
461 467
461 517
461 524
461 541
461 634
461 644
461 743
461 765
461 778
461 794
461 843
461 962
461 968
462 526
462 545
462 573
462 575
462 594
462 596
462 649
462 665
462 700
462 713
462 727
462 775
462 828
462 841
462 895
462 987
463 475
463 565
463 619
463 647
463 756
463 784
463 830
463 921
463 941
463 944
463 988
464 488
464 537
464 584
464 673
464 687
464 741
464 924
464 992
465 469
465 472
465 491
465 560
465 571
465 628
465 698
465 710
465 716
465 731
465 781
465 789
465 799
465 803
465 870
465 883
465 888
465 897
465 914
465 919
465 967
465 969
466 500
466 521
466 563
466 583
466 589
466 643
466 670
466 732
466 771
466 809
466 811
466 837
466 844
466 855
466 893
466 903
466 986
467 476
467 483
467 506
467 510
467 555
467 566
467 577
467 582
467 626
467 644
467 660
467 675
467 688
467 692
467 743
467 746
467 794
467 801
467 843
467 850
467 854
467 865
467 962
467 968
467 999
468 502
468 532
468 548
468 599
468 633
468 701
468 738
468 878
468 882
468 931
468 938
468 993
469 472
469 485
469 519
469 571
469 596
469 698
469 710
469 716
469 731
469 781
469 888
469 897
469 914
469 967
469 969
470 505
470 602
470 651
470 686
470 703
470 750
470 790
470 949
471 508
471 567
471 615
471 718
471 747
471 752
471 768
471 798
471 808
471 823
471 849
471 922
471 928
471 946
472 485
472 571
472 596
472 649
472 654
472 700
472 731
472 876
472 888
472 897
472 914
472 947
472 967
472 969
473 518
473 552
473 553
473 561
473 630
473 650
473 678
473 783
473 795
473 858
473 864
473 937
474 682
474 694
474 740
474 762
474 767
474 955
474 966
475 487
475 560
475 628
475 646
475 756
475 830
475 883
475 921
475 929
475 930
475 933
475 944
475 951
475 957
476 483
476 489
476 506
476 510
476 529
476 555
476 566
476 617
476 626
476 659
476 660
476 675
476 688
476 692
476 699
476 743
476 763
476 801
476 843
476 850
476 862
476 948
476 999
477 631
477 657
477 664
477 683
477 733
477 782
477 871
477 890
477 906
478 488
478 537
478 659
478 708
478 742
478 812
478 917
478 981
479 505
479 523
479 542
479 621
479 691
479 719
479 806
479 901
479 979
480 522
480 547
480 586
480 597
480 611
480 625
480 669
480 714
480 786
480 826
480 857
480 873
480 926
480 958
481 607
481 668
481 702
481 703
481 868
481 907
481 949
482 515
482 550
482 569
482 685
482 810
482 816
482 872
482 875
482 916
482 945
482 995
483 506
483 510
483 529
483 555
483 566
483 582
483 617
483 626
483 660
483 675
483 688
483 692
483 743
483 746
483 763
483 801
483 843
483 848
483 850
483 854
483 865
483 910
483 948
483 991
483 999
484 543
484 546
484 591
484 640
484 658
484 681
484 695
484 757
484 802
484 813
484 839
484 866
484 912
484 913
484 920
484 975
485 519
485 573
485 596
485 649
485 727
485 731
485 781
485 887
485 897
485 914
485 967
486 556
486 570
486 614
486 662
486 690
486 769
486 792
486 833
486 880
486 911
487 595
487 643
487 646
487 670
487 732
487 921
487 929
487 930
487 933
487 951
487 957
488 537
488 584
488 687
488 708
488 742
488 917
489 506
489 510
489 511
489 529
489 541
489 555
489 636
489 653
489 688
489 743
489 763
489 801
489 815
489 875
489 892
489 968
489 985
490 642
490 721
490 751
490 753
490 788
490 820
490 836
490 891
490 984
491 520
491 560
491 571
491 612
491 654
491 689
491 698
491 728
491 731
491 799
491 803
491 861
491 870
491 876
491 883
491 888
491 919
491 947
491 969
491 976
492 499
492 512
492 618
492 620
492 712
492 776
492 821
492 904
492 908
492 942
493 495
493 539
493 590
493 591
493 681
493 761
493 913
493 915
494 496
494 497
494 597
494 661
494 684
494 859
495 539
495 590
495 641
495 681
495 761
495 915
496 497
496 572
496 661
496 684
496 826
496 859
496 963
497 684
497 859
498 503
498 549
498 593
498 613
498 656
498 755
498 774
498 898
499 512
499 612
499 618
499 654
499 728
499 776
499 821
499 876
499 888
499 904
499 908
499 942
499 947
500 549
500 613
500 670
500 723
500 755
500 771
500 774
500 837
500 844
500 903
500 935
501 511
501 517
501 527
501 528
501 603
501 636
501 653
501 815
501 816
501 875
501 892
501 916
501 985
501 995
502 532
502 548
502 562
502 599
502 633
502 738
502 878
502 882
502 938
502 940
502 964
502 993
503 507
503 549
503 593
503 613
503 656
503 723
503 755
503 774
503 898
504 516
504 540
504 709
504 760
504 838
504 840
504 846
504 848
504 865
504 910
504 997
505 602
505 651
505 686
505 790
505 901
506 510
506 511
506 529
506 555
506 566
506 626
506 636
506 660
506 675
506 688
506 692
506 699
506 743
506 763
506 801
506 843
506 850
506 854
506 948
506 968
506 999
507 538
507 549
507 563
507 697
507 739
507 755
507 774
507 777
507 814
507 844
507 855
507 893
507 903
507 986
508 514
508 567
508 587
508 717
508 718
508 747
508 808
508 823
508 849
508 874
508 922
508 928
508 946
509 513
509 595
509 601
509 610
509 737
509 754
509 787
509 791
509 797
509 822
509 881
509 896
509 994
510 511
510 529
510 541
510 555
510 566
510 626
510 636
510 660
510 675
510 688
510 692
510 743
510 746
510 763
510 801
510 843
510 850
510 854
510 948
510 968
510 999
511 529
511 636
511 653
511 699
511 763
511 815
511 816
511 875
511 892
511 968
511 985
511 995
512 612
512 618
512 776
512 780
512 840
512 889
512 904
513 721
513 737
513 754
513 791
513 793
513 797
513 881
513 891
513 935
513 994
514 525
514 564
514 587
514 623
514 652
514 679
514 707
514 717
514 718
514 823
514 874
514 974
515 558
515 569
515 581
515 588
515 682
515 767
515 785
515 872
515 902
515 945
515 955
515 966
516 566
516 568
516 577
516 608
516 617
516 626
516 660
516 674
516 692
516 709
516 760
516 838
516 846
516 848
516 865
516 910
516 934
516 989
516 991
516 997
516 999
517 527
517 528
517 541
517 603
517 634
517 653
517 778
517 800
517 815
517 892
517 943
517 968
517 985
518 553
518 630
518 650
518 678
518 696
518 795
518 858
518 864
518 867
518 909
518 937
518 950
518 980
518 990
519 725
519 731
519 781
519 845
519 885
519 887
519 897
519 914
519 918
519 967
519 971
520 521
520 560
520 643
520 646
520 666
520 689
520 732
520 799
520 803
520 861
520 870
520 883
520 919
520 933
520 957
520 976
521 583
521 589
521 643
521 646
521 666
521 670
521 732
521 771
521 811
521 837
521 903
521 957
522 547
522 586
522 616
522 625
522 669
522 715
522 748
522 786
522 805
522 857
522 860
522 873
522 932
522 958
522 983
523 609
523 691
523 736
523 804
523 818
523 886
523 901
523 979
524 541
524 634
524 644
524 743
524 765
524 778
524 794
524 834
524 843
524 962
524 968
525 526
525 545
525 587
525 598
525 623
525 667
525 707
525 713
525 727
525 824
525 874
525 895
525 922
526 545
526 573
526 575
526 598
526 649
526 665
526 667
526 713
526 727
526 824
526 895
527 528
527 541
527 603
527 634
527 653
527 778
527 800
527 815
527 892
527 943
527 985
528 541
528 603
528 634
528 653
528 778
528 800
528 815
528 879
528 892
528 943
528 985
529 555
529 626
529 636
529 688
529 699
529 763
529 810
529 862
529 875
529 948
530 592
530 600
530 863
530 869
530 954
530 960
531 715
531 748
531 764
531 775
531 780
531 805
531 841
531 860
531 925
531 932
531 987
531 998
532 548
532 633
532 701
532 738
532 878
532 931
532 993
533 576
533 599
533 639
533 672
533 800
533 879
533 882
533 940
533 943
534 680
534 749
534 793
534 891
534 905
534 959
534 961
535 605
535 632
535 638
535 648
535 677
535 701
535 704
535 722
535 738
535 832
535 927
535 938
535 964
535 973
535 993
536 559
536 621
536 635
536 697
536 734
536 735
536 777
536 796
536 806
536 827
536 899
536 939
537 584
537 687
537 708
537 779
537 829
537 917
537 924
537 981
538 549
538 557
538 559
538 563
538 627
538 697
538 739
538 777
538 809
538 814
538 844
538 855
538 893
538 899
538 903
538 939
538 986
539 546
539 590
539 591
539 640
539 681
539 761
539 769
539 866
539 912
539 913
539 920
539 975
540 566
540 577
540 582
540 675
540 709
540 746
540 760
540 794
540 850
540 854
540 865
540 962
540 982
540 997
541 634
541 636
541 644
541 653
541 743
541 778
541 815
541 892
541 968
541 985
542 570
542 614
542 691
542 719
542 818
542 880
542 901
542 979
543 546
543 591
543 609
543 640
543 658
543 681
543 695
543 757
543 802
543 839
543 866
543 912
543 913
543 920
543 975
544 601
544 610
544 706
544 773
544 822
544 896
544 923
544 956
544 960
544 972
544 996
545 573
545 575
545 598
545 616
545 623
545 665
545 667
545 707
545 713
545 727
545 748
545 824
545 841
545 895
546 590
546 591
546 640
546 658
546 681
546 695
546 757
546 761
546 866
546 912
546 913
546 920
546 975
547 586
547 597
547 611
547 625
547 669
547 714
547 786
547 805
547 857
547 873
547 877
547 926
547 958
547 983
548 599
548 633
548 701
548 738
548 878
548 882
548 931
548 938
548 993
549 563
549 613
549 723
549 739
549 755
549 774
549 777
549 814
549 844
549 855
549 903
549 986
550 569
550 685
550 816
550 872
550 916
550 995
551 658
551 724
551 770
551 772
551 813
551 852
551 952
551 970
551 978
552 553
552 561
552 565
552 619
552 630
552 647
552 650
552 696
552 783
552 784
552 795
552 858
552 867
552 909
552 937
552 988
553 565
553 630
553 650
553 678
553 696
553 795
553 858
553 867
553 909
553 937
553 971
553 990
554 604
554 606
554 631
554 642
554 655
554 657
554 664
554 683
554 733
554 751
554 753
554 782
554 788
554 820
554 906
554 984
555 566
555 582
555 617
555 626
555 660
555 675
555 688
555 692
555 743
555 746
555 763
555 801
555 843
555 850
555 854
555 865
555 948
555 968
555 999
556 614
556 640
556 769
556 833
556 866
556 880
556 911
556 912
556 975
557 559
557 563
557 579
557 583
557 589
557 627
557 758
557 809
557 811
557 814
557 855
557 884
557 893
557 903
557 986
558 581
558 588
558 682
558 740
558 762
558 767
558 785
558 902
558 955
558 966
558 992
559 563
559 579
559 627
559 635
559 697
559 739
559 777
559 796
559 809
559 814
559 855
559 884
559 893
559 899
559 939
559 986
560 571
560 628
560 646
560 689
560 698
560 710
560 716
560 789
560 799
560 803
560 861
560 870
560 883
560 919
560 933
560 969
560 976
561 630
561 650
561 783
561 795
561 858
561 864
561 937
562 576
562 605
562 765
562 832
562 879
562 938
562 964
563 583
563 627
563 697
563 739
563 777
563 809
563 814
563 837
563 844
563 855
563 893
563 903
563 939
563 986
564 652
564 679
564 717
564 718
564 874
564 974
565 696
565 716
565 784
565 789
565 830
565 867
565 909
565 988
566 577
566 582
566 626
566 660
566 675
566 688
566 692
566 743
566 746
566 760
566 794
566 801
566 843
566 848
566 850
566 854
566 865
566 910
566 962
566 982
566 997
566 999
567 615
567 718
567 747
567 752
567 768
567 798
567 808
567 823
567 849
567 922
567 928
567 946
568 608
568 617
568 674
568 692
568 712
568 812
568 838
568 846
568 848
568 910
568 934
568 965
568 989
568 991
569 685
569 810
569 816
569 872
569 916
569 945
569 955
569 995
570 609
570 614
570 640
570 719
570 818
570 839
570 880
570 979
571 654
571 689
571 698
571 710
571 731
571 799
571 803
571 861
571 870
571 876
571 883
571 888
571 919
571 947
571 967
571 969
571 976
572 645
572 730
572 817
572 819
572 826
572 851
572 856
572 859
572 953
572 963
573 598
573 649
573 713
573 725
573 727
573 824
573 895
573 918
574 606
574 642
574 676
574 726
574 894
574 900
575 594
575 649
575 665
575 667
575 700
575 713
575 748
575 775
575 828
575 841
575 895
575 987
576 634
576 639
576 672
576 765
576 800
576 879
576 882
576 940
576 943
577 582
577 660
577 675
577 709
577 746
577 760
577 794
577 801
577 843
577 848
577 850
577 854
577 865
577 910
577 962
577 982
577 997
577 999
578 629
578 752
578 936
579 585
579 627
579 758
579 796
579 809
579 842
579 884
580 587
580 598
580 725
580 747
580 759
580 766
580 825
580 835
580 885
580 918
580 922
581 588
581 682
581 767
581 785
581 902
581 945
581 955
581 966
582 660
582 675
582 688
582 743
582 746
582 794
582 801
582 843
582 850
582 854
582 865
582 962
582 982
582 997
582 999
583 589
583 627
583 643
583 666
583 732
583 758
583 771
583 809
583 811
583 837
583 893
583 903
584 708
584 779
584 829
584 842
584 917
584 924
584 981
585 620
585 708
585 712
585 779
585 842
585 884
585 908
585 942
585 981
586 616
586 625
586 669
586 786
586 805
586 857
586 873
586 877
586 926
586 932
586 958
586 983
587 717
587 747
587 766
587 808
587 823
587 849
587 874
587 922
588 682
588 687
588 740
588 762
588 767
588 785
588 902
588 966
588 992
589 643
589 732
589 758
589 771
589 809
589 811
589 837
589 844
589 893
589 903
590 591
590 681
590 695
590 761
590 912
590 913
590 920
590 975
591 658
591 681
591 695
591 757
591 770
591 772
591 813
591 913
591 920
592 600
592 869
592 954
592 960
592 996
593 656
593 680
593 898
593 905
593 961
594 596
594 649
594 665
594 700
594 775
594 828
594 841
594 987
595 601
595 737
595 754
595 756
595 787
595 791
595 921
595 929
595 930
595 951
596 649
596 654
596 700
596 828
596 876
596 888
596 914
596 947
596 967
596 969
597 611
597 661
597 714
597 873
598 713
598 725
598 727
598 766
598 824
598 825
598 895
598 918
599 633
599 639
599 738
599 878
599 882
599 938
599 940
600 822
600 863
600 869
600 896
600 954
600 960
601 610
601 737
601 754
601 773
601 787
601 822
601 863
601 896
601 956
601 994
602 624
602 651
602 686
602 703
602 790
603 634
603 653
603 800
603 815
603 943
603 985
604 606
604 631
604 642
604 655
604 657
604 664
604 733
604 782
604 871
604 906
605 632
605 648
605 677
605 704
605 705
605 722
605 765
605 832
605 834
605 938
605 964
606 642
606 655
606 657
606 664
606 782
606 820
606 900
606 906
607 624
607 668
607 686
607 703
607 790
607 847
607 853
607 868
608 674
608 712
608 760
608 838
608 846
608 848
608 910
608 934
608 965
608 989
608 991
609 614
609 640
609 736
609 802
609 818
609 839
609 979
610 706
610 773
610 787
610 822
610 896
610 923
610 956
610 972
610 996
611 661
611 714
611 873
612 618
612 654
612 728
612 776
612 821
612 876
612 888
612 904
612 947
613 680
613 723
613 755
613 774
613 793
613 935
614 640
614 769
614 818
614 833
614 866
614 880
614 911
614 912
614 975
614 979
615 629
615 729
615 745
615 752
615 759
615 768
615 835
615 946
616 625
616 665
616 667
616 669
616 715
616 748
616 786
616 805
616 841
616 857
616 925
616 932
616 958
616 983
617 626
617 659
617 660
617 674
617 688
617 692
617 763
617 812
617 846
617 848
617 862
617 865
617 910
617 934
617 948
617 991
617 999
618 654
618 728
618 776
618 821
618 876
618 904
618 908
618 947
619 647
619 650
619 784
619 941
619 944
620 637
620 712
620 821
620 904
620 908
620 942
621 635
621 734
621 735
621 806
621 827
621 901
622 671
622 676
622 726
622 894
622 959
622 961
622 977
623 652
623 665
623 667
623 707
623 713
623 874
623 895
624 651
624 662
624 686
624 703
624 790
624 847
624 853
624 868
625 669
625 786
625 805
625 857
625 873
625 877
625 926
625 932
625 958
625 983
626 659
626 660
626 675
626 688
626 692
626 763
626 801
626 843
626 848
626 850
626 865
626 910
626 948
626 991
626 999
627 758
627 796
627 809
627 814
627 884
627 893
627 899
627 939
628 646
628 698
628 710
628 716
628 789
628 799
628 803
628 830
628 883
628 919
628 933
628 988
629 729
629 745
629 752
629 768
629 936
630 650
630 678
630 783
630 795
630 858
630 864
630 867
630 909
630 937
630 980
631 655
631 657
631 664
631 733
631 753
631 782
631 871
631 890
631 906
632 638
632 648
632 677
632 704
632 705
632 722
632 730
632 817
632 819
632 834
632 927
632 973
633 701
633 738
633 878
633 931
633 993
634 644
634 778
634 800
634 815
634 879
634 943
634 985
635 697
635 734
635 735
635 796
635 899
635 939
636 653
636 743
636 763
636 815
636 875
636 892
636 968
636 985
637 666
637 728
637 758
637 776
637 821
637 908
637 942
638 648
638 677
638 704
638 722
638 817
638 927
638 973
639 672
639 800
639 879
639 882
639 940
640 681
640 695
640 757
640 769
640 802
640 839
640 866
640 912
640 913
640 920
640 975
641 693
641 770
641 772
641 915
641 952
642 655
642 664
642 751
642 753
642 782
642 788
642 820
642 906
643 646
643 670
643 732
643 771
643 811
643 837
643 929
643 933
643 951
643 957
644 743
644 765
644 778
644 794
644 834
644 843
644 854
644 962
644 968
645 669
645 764
645 826
645 851
645 856
645 860
645 925
645 953
645 958
645 963
645 998
646 732
646 799
646 803
646 861
646 870
646 883
646 919
646 929
646 933
646 951
646 957
646 976
647 650
647 784
647 941
647 944
648 677
648 704
648 705
648 722
648 730
648 832
648 834
648 927
648 938
648 964
648 973
649 700
649 727
649 828
649 987
650 696
650 783
650 795
650 858
650 864
650 909
650 937
651 686
651 703
651 750
651 790
651 949
652 679
652 857
652 877
652 926
652 974
653 815
653 875
653 892
653 985
654 728
654 776
654 876
654 888
654 947
654 969
655 657
655 664
655 733
655 782
655 871
655 906
656 680
656 898
656 905
656 961
657 664
657 733
657 782
657 871
657 890
657 906
658 695
658 711
658 744
658 757
658 770
658 772
658 813
658 920
658 970
658 978
659 692
659 699
659 742
659 763
659 812
659 862
659 948
659 991
660 675
660 688
660 692
660 743
660 746
660 760
660 794
660 801
660 843
660 848
660 850
660 854
660 865
660 910
660 997
660 999
661 684
661 714
661 859
662 690
662 792
662 833
662 847
662 853
662 880
662 911
663 720
663 729
663 745
663 807
663 950
663 980
664 733
664 753
664 782
664 871
664 890
664 906
665 667
665 707
665 713
665 748
665 805
665 841
665 895
666 689
666 728
666 732
666 758
666 776
666 803
666 811
666 821
666 861
666 870
666 942
666 976
667 707
667 713
667 748
667 805
667 841
667 895
668 702
668 703
668 868
668 907
668 949
669 786
669 805
669 857
669 860
669 873
669 932
669 958
669 983
669 998
670 732
670 771
670 791
670 837
670 929
670 930
670 951
670 957
671 676
671 726
671 894
671 907
671 977
672 800
672 879
672 940
672 943
673 687
673 741
673 804
673 829
673 886
673 924
673 992
674 712
674 760
674 838
674 846
674 848
674 910
674 934
674 965
674 989
674 991
675 688
675 692
675 743
675 746
675 760
675 794
675 801
675 843
675 848
675 850
675 854
675 865
675 910
675 962
675 997
675 999
676 726
676 894
676 900
677 704
677 705
677 722
677 730
677 817
677 927
677 973
678 696
678 795
678 858
678 864
678 867
678 909
678 937
678 950
678 980
678 990
679 717
679 874
679 877
679 974
680 749
680 793
680 891
680 905
680 959
680 961
681 695
681 761
681 866
681 912
681 913
681 920
681 975
682 740
682 762
682 767
682 785
682 872
682 902
682 955
682 966
683 751
683 753
683 782
683 890
683 906
683 984
684 859
685 816
685 872
685 916
685 995
686 703
686 790
686 847
686 853
686 868
687 785
687 992
688 692
688 743
688 746
688 763
688 801
688 843
688 850
688 854
688 865
688 948
688 968
688 999
689 728
689 799
689 803
689 861
689 870
689 876
689 919
689 947
689 969
689 976
690 792
690 833
690 847
690 880
690 911
691 719
691 736
691 806
691 818
691 901
691 979
692 760
692 763
692 801
692 812
692 846
692 848
692 850
692 865
692 910
692 934
692 948
692 991
692 999
693 770
693 915
693 952
694 762
694 872
694 955
695 744
695 757
695 772
695 802
695 813
695 913
695 920
695 975
696 784
696 795
696 858
696 867
696 909
696 937
696 971
696 988
696 990
697 735
697 739
697 777
697 796
697 814
697 827
697 855
697 899
697 939
697 986
698 710
698 716
698 731
698 781
698 789
698 799
698 803
698 870
698 883
698 888
698 897
698 914
698 919
698 967
698 969
699 763
699 810
699 862
699 948
700 775
700 828
700 841
700 987
701 738
701 878
701 931
701 993
702 703
702 868
702 907
703 790
703 868
703 949
704 705
704 722
704 730
704 817
704 819
704 834
704 927
704 973
705 722
705 730
705 817
705 819
705 834
705 962
705 973
705 982
706 773
706 923
706 941
706 944
706 956
706 972
707 713
707 895
708 779
708 842
708 917
708 981
709 760
709 838
709 846
709 848
709 865
709 910
709 997
710 716
710 731
710 781
710 789
710 799
710 883
710 897
710 914
710 919
710 967
710 969
711 744
711 813
711 831
711 852
711 970
711 978
712 908
712 934
712 965
712 981
712 989
713 727
713 824
713 895
714 873
714 926
715 748
715 764
715 775
715 805
715 841
715 860
715 925
715 932
715 958
715 987
715 998
716 731
716 781
716 789
716 799
716 830
716 883
716 897
716 967
716 988
717 718
717 823
717 849
717 874
717 928
717 974
718 798
718 808
718 823
718 849
718 874
718 928
719 818
719 880
719 901
719 979
720 729
720 745
720 807
720 950
720 980
721 749
721 793
721 797
721 836
721 863
721 881
721 891
721 994
722 730
722 817
722 832
722 834
722 927
722 964
722 973
723 755
723 774
723 793
723 844
723 935
724 852
724 970
724 978
725 727
725 766
725 824
725 825
725 835
725 845
725 885
725 887
725 918
725 922
726 894
726 900
726 959
726 977
727 824
727 895
727 918
728 776
728 821
728 861
728 876
728 888
728 942
728 947
729 745
729 752
729 759
729 768
730 817
730 819
730 834
730 927
730 982
731 781
731 789
731 888
731 897
731 914
731 967
731 969
732 771
732 811
732 837
732 929
732 951
732 957
733 782
733 871
733 890
733 906
734 735
734 741
734 796
734 806
734 829
734 899
734 924
735 741
735 796
735 806
735 829
735 899
735 939
736 802
736 804
736 818
736 839
736 886
737 754
737 787
737 791
737 797
737 822
737 881
737 896
737 994
738 878
738 882
738 931
738 938
738 964
738 993
739 774
739 777
739 814
739 844
739 855
739 893
739 903
739 939
739 986
740 762
740 767
740 785
740 831
740 902
740 955
740 966
741 829
741 886
741 924
742 812
742 862
743 746
743 778
743 794
743 801
743 843
743 850
743 854
743 962
743 968
743 999
744 757
744 802
744 813
744 831
745 759
745 768
745 807
745 950
746 760
746 794
746 801
746 843
746 850
746 854
746 865
746 910
746 962
746 982
746 997
746 999
747 766
747 808
747 823
747 835
747 849
747 874
747 922
747 946
748 775
748 805
748 841
748 925
748 932
748 958
748 987
749 793
749 797
749 881
749 891
749 905
749 935
750 827
750 949
751 753
751 782
751 788
751 820
751 836
751 906
751 984
752 768
752 798
752 936
752 946
753 782
753 788
753 820
753 906
753 984
754 787
754 791
754 797
754 881
754 935
754 994
755 774
755 844
755 935
756 787
756 830
756 921
756 923
756 929
756 930
756 933
756 944
757 802
757 813
757 831
757 839
757 920
758 809
758 811
758 942
759 766
759 768
759 825
759 835
760 838
760 846
760 848
760 865
760 910
760 934
760 991
760 997
760 999
761 912
761 913
762 767
762 785
762 872
762 902
762 955
762 966
763 810
763 862
763 948
764 826
764 851
764 856
764 860
764 925
764 932
764 953
764 963
764 998
765 832
765 834
765 879
765 938
765 964
766 824
766 825
766 835
766 885
766 918
766 922
767 785
767 902
767 955
767 966
768 835
768 946
769 833
769 866
769 880
769 912
769 913
769 975
770 772
770 813
770 915
770 952
770 978
771 809
771 811
771 837
771 844
771 893
771 903
772 813
772 852
772 952
772 970
772 978
773 822
773 869
773 896
773 956
773 960
773 996
774 844
774 855
774 986
775 780
775 828
775 841
775 987
776 821
776 876
776 904
776 908
776 942
776 947
777 814
777 827
777 855
777 899
777 939
777 986
778 815
778 892
778 968
778 985
779 829
779 842
779 884
779 917
779 981
780 828
780 840
780 889
780 987
781 845
781 885
781 887
781 897
781 914
781 967
781 971
782 788
782 820
782 890
782 906
783 795
783 858
783 864
783 937
784 830
784 909
784 944
784 988
785 902
785 966
785 992
786 805
786 857
786 873
786 877
786 926
786 932
786 958
786 983
787 791
787 921
787 923
787 930
787 951
788 820
788 836
788 984
789 799
789 830
789 883
789 919
789 933
789 988
790 847
790 853
791 797
791 881
791 930
791 951
791 994
792 833
792 847
792 880
792 911
793 797
793 881
793 891
793 905
793 935
794 801
794 834
794 843
794 850
794 854
794 962
794 982
795 858
795 864
795 867
795 909
795 937
795 950
795 990
796 842
796 884
796 899
796 939
797 881
797 891
797 935
797 994
798 808
798 823
798 849
798 928
798 946
799 803
799 861
799 870
799 883
799 919
799 933
799 969
799 976
800 879
800 943
801 843
801 850
801 854
801 865
801 968
801 999
802 818
802 839
802 920
803 861
803 870
803 883
803 919
803 933
803 969
803 976
804 886
804 992
805 841
805 857
805 860
805 925
805 932
805 958
805 983
805 998
806 827
806 901
807 950
807 980
808 823
808 835
808 849
808 922
808 928
808 946
809 811
809 814
809 837
809 855
809 893
809 903
809 986
810 862
810 875
810 945
811 837
811 893
811 903
812 862
812 948
812 991
813 852
813 952
813 970
813 978
814 844
814 855
814 893
814 903
814 939
814 986
815 892
815 968
815 985
816 875
816 916
816 995
817 819
817 927
817 953
817 973
818 839
818 880
818 979
819 851
819 856
819 953
820 906
820 984
821 876
821 904
821 908
821 942
821 947
822 863
822 869
822 896
822 956
822 960
822 994
823 849
823 874
823 922
823 928
823 946
824 825
824 895
824 918
825 835
825 885
825 887
825 918
825 922
826 851
826 856
826 859
826 860
826 953
826 963
826 998
828 841
828 987
829 924
830 883
830 921
830 933
830 944
830 988
832 834
832 938
832 964
833 880
833 911
834 962
834 982
835 918
835 922
836 863
836 891
836 984
837 844
837 855
837 893
837 903
837 986
838 840
838 846
838 848
838 865
838 910
838 934
838 965
838 989
838 991
838 997
839 920
840 889
840 904
840 965
840 989
841 932
841 987
842 884
842 917
842 981
843 850
843 854
843 962
843 968
843 999
844 855
844 893
844 903
844 986
845 867
845 885
845 887
845 918
845 971
845 990
846 848
846 865
846 910
846 934
846 965
846 989
846 991
846 997
847 853
848 865
848 910
848 934
848 989
848 991
848 997
848 999
849 874
849 922
849 928
849 946
850 854
850 865
850 962
850 968
850 982
850 997
850 999
851 856
851 860
851 953
851 963
851 998
852 952
852 970
852 978
853 868
854 865
854 962
854 982
854 997
854 999
855 893
855 903
855 939
855 986
856 953
856 963
857 873
857 877
857 926
857 958
857 983
858 864
858 867
858 909
858 937
858 990
859 963
860 925
860 932
860 958
860 963
860 998
861 870
861 883
861 919
861 969
861 976
862 948
863 869
863 896
863 954
863 960
863 994
864 937
864 950
864 980
865 910
865 934
865 991
865 997
865 999
866 912
866 913
866 920
866 975
867 909
867 937
867 971
867 990
868 907
868 949
869 896
869 954
869 960
869 996
870 876
870 883
870 888
870 919
870 947
870 969
870 976
871 890
871 906
872 955
873 877
873 926
873 983
874 974
875 892
875 916
875 995
876 888
876 947
876 969
877 926
877 974
877 983
878 931
878 993
879 943
880 911
880 979
881 891
881 935
881 994
882 938
882 940
883 919
883 933
883 957
883 976
885 887
885 918
885 971
885 990
886 924
886 992
887 918
887 971
888 914
888 919
888 947
888 967
888 969
889 965
890 906
891 994
892 968
892 985
893 903
893 986
894 900
894 959
894 977
896 960
896 994
897 914
897 967
897 971
898 949
898 961
899 939
901 979
902 955
902 966
902 992
903 986
904 908
904 965
905 959
905 961
905 977
908 942
909 937
909 988
909 990
910 934
910 991
910 997
910 999
912 913
912 920
912 975
913 920
913 975
914 967
914 969
916 995
917 981
918 971
919 933
919 969
919 976
920 975
921 929
921 930
921 933
921 944
921 951
923 941
923 944
923 956
923 972
925 932
925 958
925 998
926 983
927 973
928 946
929 930
929 933
929 951
929 957
930 951
930 957
931 993
932 958
932 983
932 998
933 951
933 957
933 976
934 965
934 989
934 991
937 990
938 964
941 944
941 972
944 972
944 988
947 969
950 980
950 990
951 957
952 970
952 978
953 963
954 960
955 966
956 972
956 996
958 983
958 998
959 961
959 977
960 996
961 977
962 982
963 998
964 973
965 989
967 969
968 985
969 976
970 978
971 990
982 997
989 991
991 997
991 999
997 999
