0 75
0 86
0 115
0 144
0 291
0 652
0 679
0 877
0 974
1 111
1 131
1 163
1 227
1 245
1 318
1 538
1 559
1 563
1 697
1 814
1 899
1 939
2 20
2 121
2 401
2 836
2 984
3 120
3 166
3 281
3 313
3 439
3 531
3 764
3 860
3 925
3 998
4 29
4 114
4 169
4 280
4 370
4 378
4 580
4 747
4 766
4 825
4 835
4 922
5 10
5 100
5 375
5 406
5 545
5 623
5 665
5 667
5 707
5 713
6 49
6 57
6 85
6 265
6 285
6 463
6 552
6 619
6 647
6 784
6 988
7 61
7 69
7 71
7 135
7 459
7 484
7 543
7 546
7 640
7 681
7 695
7 912
7 913
7 920
7 975
8 100
8 119
8 156
8 575
8 665
8 748
8 775
8 841
8 987
9 73
9 470
9 750
10 94
10 100
10 125
10 375
10 404
10 406
10 545
10 623
10 665
10 667
10 707
10 713
10 895
11 129
11 178
11 207
11 246
11 314
11 346
11 377
11 444
11 475
11 560
11 628
11 789
11 799
11 883
11 933
12 65
12 276
12 278
12 358
12 407
12 472
12 596
12 649
13 106
13 396
13 448
13 464
13 673
13 687
13 992
14 87
14 114
14 169
14 615
14 759
14 768
14 835
15 599
15 639
15 882
15 940
16 128
16 141
16 261
16 534
16 905
16 959
16 961
16 977
17 49
17 85
17 168
17 552
17 619
17 647
18 136
18 177
18 298
18 455
18 629
18 729
18 745
18 768
19 91
19 138
19 162
19 268
19 316
19 326
19 338
19 359
19 363
19 384
19 410
19 780
19 840
19 889
20 217
20 401
20 530
20 600
20 954
21 29
21 284
21 336
21 427
21 508
21 587
21 717
21 718
21 747
21 808
21 823
21 849
21 874
22 67
22 92
22 133
22 237
22 513
22 793
22 797
22 881
22 891
22 935
23 204
23 215
23 317
23 351
23 456
23 460
23 488
23 537
23 584
23 708
23 779
23 917
24 79
24 434
24 574
24 894
24 900
25 59
25 389
25 433
25 468
25 502
25 548
25 599
25 633
25 738
25 878
26 112
26 419
26 645
26 764
26 826
26 851
26 860
26 953
26 963
26 998
27 229
27 333
27 380
27 694
28 195
28 533
28 562
28 576
28 639
28 879
29 280
29 370
29 378
29 427
29 440
29 508
29 587
29 747
29 823
29 874
29 922
30 153
30 208
30 347
30 619
30 647
31 308
31 312
31 360
31 391
31 400
31 794
31 834
31 962
31 982
32 65
32 104
32 113
32 186
32 254
32 358
32 375
32 386
32 404
32 462
32 526
32 545
32 573
32 575
32 665
32 713
32 727
32 824
32 895
33 98
33 220
33 241
33 277
33 365
33 383
33 423
33 495
33 641
33 693
33 915
34 188
34 194
34 244
34 357
34 393
34 397
34 421
34 480
34 522
34 547
34 586
34 625
34 669
34 958
35 145
35 578
35 629
35 936
36 61
36 69
36 255
36 262
36 459
36 493
36 539
36 546
36 590
36 681
36 761
36 913
37 282
37 283
37 671
37 702
37 907
38 67
38 211
38 235
38 344
38 534
38 680
38 749
38 905
39 310
39 516
39 568
39 617
39 626
39 674
39 692
39 846
39 848
39 910
39 934
39 991
40 62
40 164
40 341
40 494
40 496
40 661
40 684
40 859
41 51
41 143
41 175
41 340
41 432
41 445
41 670
41 791
41 930
41 951
42 44
42 48
42 279
42 294
42 473
42 552
42 561
42 630
42 650
42 783
42 795
42 858
42 937
43 99
43 198
43 353
43 413
43 417
43 424
43 711
43 740
43 831
44 48
44 279
44 294
44 473
44 561
44 630
44 650
44 783
44 937
45 90
45 105
45 194
45 226
45 350
45 393
45 416
45 522
45 586
45 616
45 625
45 669
45 805
45 932
45 958
46 155
46 544
46 601
46 610
46 773
46 822
46 896
47 77
47 129
47 132
47 246
47 441
47 465
47 560
47 571
47 628
47 698
47 710
47 716
47 731
47 789
47 799
47 883
47 919
48 279
48 294
48 473
48 561
48 630
48 650
48 783
48 864
48 937
49 57
49 85
49 265
49 285
49 463
49 619
49 647
49 784
49 944
50 95
50 126
50 159
50 181
50 292
50 353
50 804
51 108
51 143
51 175
51 327
51 432
51 445
51 487
51 595
51 670
51 929
51 930
51 951
52 73
52 171
52 306
52 362
52 367
52 408
52 498
52 503
52 656
52 898
53 66
53 68
53 98
53 110
53 196
53 365
53 412
53 458
53 641
53 693
53 770
53 772
53 952
54 119
54 184
54 775
54 780
54 828
54 841
54 987
55 72
55 251
55 361
55 402
55 659
55 742
55 812
56 121
56 172
56 176
56 193
56 247
56 401
56 683
56 751
57 85
57 265
57 463
57 552
57 784
57 988
58 225
58 289
58 321
58 461
58 467
58 524
58 582
58 644
58 743
58 794
58 843
58 854
58 962
59 389
59 433
59 442
59 468
59 502
59 548
59 599
59 633
59 738
59 878
59 882
60 272
60 706
60 787
60 923
61 69
61 262
61 459
61 539
61 546
61 590
61 681
61 761
61 866
61 912
61 913
61 920
61 975
62 234
62 398
62 496
62 684
62 859
63 329
63 414
63 420
63 452
63 517
63 527
63 528
63 541
63 634
63 653
63 815
63 892
63 985
64 83
64 88
64 607
64 868
65 104
65 113
65 127
65 186
65 254
65 358
65 386
65 407
65 462
65 526
65 573
65 649
66 68
66 196
66 334
66 412
66 458
66 551
66 770
66 952
66 978
67 211
67 235
67 288
67 344
67 534
67 680
67 749
67 793
67 905
68 196
68 412
68 458
68 551
68 952
69 135
69 161
69 255
69 459
69 484
69 539
69 543
69 546
69 590
69 591
69 681
69 695
69 913
69 920
70 113
70 127
70 386
70 405
70 422
70 526
70 573
70 598
70 725
70 727
70 824
70 918
71 443
71 484
71 543
71 640
71 695
71 757
71 802
71 839
71 920
71 975
72 204
72 251
72 361
72 402
72 478
72 488
72 742
73 171
73 362
73 750
73 949
74 149
74 219
74 273
74 392
74 605
74 632
74 648
74 704
74 705
74 722
74 832
74 834
75 86
75 252
75 291
75 857
75 873
75 877
75 926
76 174
76 429
76 486
76 690
76 792
76 833
76 880
76 911
77 441
77 465
77 491
77 571
77 698
77 731
77 888
77 919
77 969
78 146
78 210
78 325
78 348
78 518
78 678
78 950
78 980
79 434
79 574
79 606
79 900
80 160
80 176
80 193
80 247
80 369
80 554
80 642
80 751
80 753
80 782
80 820
80 906
81 238
81 267
81 390
81 501
81 653
81 815
81 892
81 985
82 179
82 221
82 457
82 550
82 685
82 816
82 916
82 995
83 88
83 607
83 624
83 686
83 853
83 868
84 141
84 167
84 622
84 671
84 726
84 894
84 977
85 285
85 619
85 647
86 252
86 291
86 652
86 786
86 857
86 877
86 926
86 983
87 114
87 177
87 615
87 729
87 759
87 768
88 202
88 481
88 607
88 668
88 703
88 868
89 250
89 398
89 572
89 730
89 817
89 819
90 105
90 156
90 350
90 393
90 416
90 522
90 616
90 669
90 715
90 805
90 860
90 925
90 932
90 958
90 998
91 162
91 268
91 326
91 338
91 359
91 363
91 384
91 410
91 512
91 840
91 889
91 904
92 189
92 223
92 237
92 331
92 513
92 721
92 797
92 881
92 891
92 994
93 337
93 499
93 512
93 612
93 618
94 201
94 311
94 319
94 446
94 525
94 623
94 707
95 126
95 159
95 180
95 181
95 292
95 353
95 413
95 740
95 785
96 109
96 259
96 275
96 479
96 806
96 901
97 349
97 411
97 621
97 806
98 110
98 220
98 365
98 412
98 423
98 641
98 693
98 770
99 126
99 159
99 180
99 198
99 353
99 413
99 417
99 424
99 740
99 762
99 767
99 966
100 375
100 406
100 545
100 665
100 667
100 707
100 713
101 148
101 199
101 293
101 373
101 523
101 691
101 736
101 804
101 886
102 155
102 223
102 431
102 454
102 509
102 601
102 737
102 754
102 787
102 896
102 994
103 279
103 325
103 473
103 518
103 630
103 678
103 795
103 858
103 864
103 937
104 113
104 186
104 254
104 358
104 462
104 526
104 575
104 594
104 649
104 700
105 156
105 350
105 393
105 416
105 531
105 616
105 715
105 748
105 805
105 925
105 932
106 116
106 192
106 448
106 456
106 464
106 673
106 741
106 829
106 924
107 327
107 364
107 444
107 475
107 487
107 646
107 756
107 921
107 929
107 930
107 933
107 951
107 957
108 175
108 327
108 432
108 509
108 595
108 787
108 791
108 930
109 259
109 275
109 479
109 505
109 806
109 901
110 161
110 196
110 412
110 591
110 658
110 770
110 772
110 813
111 131
111 158
111 163
111 227
111 318
111 507
111 538
111 559
111 563
111 697
111 739
111 777
111 814
111 855
111 939
111 986
112 194
112 350
112 419
112 645
112 764
112 860
112 925
112 998
113 127
113 186
113 254
113 358
113 386
113 485
113 526
113 573
113 649
113 727
113 824
114 169
114 580
114 759
114 766
114 835
114 922
115 144
115 201
115 319
115 446
115 514
115 564
115 652
115 679
115 717
115 874
115 974
116 293
116 448
116 673
116 741
116 829
116 924
117 195
117 388
117 414
117 634
117 879
118 218
118 297
118 557
118 583
118 758
118 809
118 811
119 156
119 715
119 748
119 775
119 828
119 841
119 987
120 166
120 214
120 281
120 313
120 439
121 176
121 193
121 247
121 683
121 751
121 753
121 984
122 165
122 520
122 643
122 646
122 732
122 929
122 933
122 957
123 307
123 436
123 712
123 981
124 140
124 250
124 360
124 374
124 382
124 391
124 447
124 572
124 819
124 856
125 254
125 311
125 375
125 404
125 525
125 526
125 545
125 598
125 713
125 824
125 895
126 159
126 180
126 181
126 292
126 353
126 413
126 740
126 767
126 785
126 902
126 966
127 358
127 386
127 405
127 422
127 485
127 526
127 573
127 598
127 727
127 824
128 288
128 344
128 367
128 408
128 593
128 656
128 680
128 905
128 961
129 182
129 246
129 328
129 441
129 491
129 520
129 560
129 571
129 628
129 799
129 803
129 870
129 883
129 919
129 976
130 228
130 305
130 515
130 558
130 581
130 588
130 682
130 767
130 902
130 955
130 966
131 163
131 227
131 245
131 318
131 538
131 557
131 559
131 563
131 627
131 809
131 814
131 855
131 893
131 939
132 260
132 698
132 710
132 716
132 789
133 237
133 258
133 322
133 409
133 513
133 793
133 881
133 935
134 578
134 752
135 161
135 255
135 459
135 484
135 546
135 591
135 658
135 681
135 695
135 772
135 813
135 920
136 177
136 210
136 290
136 348
136 455
136 729
136 745
136 759
137 450
137 609
137 802
137 818
137 839
138 162
138 166
138 184
138 268
138 316
138 326
138 338
138 410
138 439
138 780
138 889
139 142
139 239
139 395
139 553
139 678
139 696
139 795
139 858
139 867
139 909
139 937
139 990
140 214
140 313
140 374
140 447
140 856
141 261
141 622
141 894
141 959
141 961
141 977
142 302
142 395
142 553
142 565
142 696
142 867
142 909
143 175
143 335
143 432
143 445
143 487
143 670
143 930
143 951
144 201
144 319
144 564
144 652
144 679
144 974
145 173
145 213
145 578
145 936
146 210
146 325
146 348
146 518
146 663
146 807
146 950
146 980
147 150
147 229
147 269
147 300
147 380
147 415
147 435
147 474
147 682
147 694
147 762
147 872
147 955
148 293
148 373
148 736
148 804
148 886
149 219
149 271
149 273
149 392
149 562
149 605
149 765
149 832
149 834
150 198
150 229
150 269
150 300
150 417
150 435
150 474
150 682
150 762
150 767
150 955
151 187
151 304
151 773
151 996
152 190
152 203
152 270
152 403
152 470
152 505
152 602
152 651
152 686
152 790
153 208
153 285
153 347
153 372
153 438
153 619
153 647
153 706
153 923
153 941
153 972
154 196
154 253
154 323
154 334
154 551
154 772
154 813
154 852
154 970
154 978
155 431
155 454
155 601
155 822
155 896
156 416
156 616
156 715
156 748
156 805
156 841
156 932
157 433
157 532
157 548
157 633
157 878
157 931
158 243
158 256
158 507
158 538
158 563
158 739
158 814
158 844
158 855
158 893
158 903
158 986
159 180
159 181
159 292
159 353
159 413
159 740
160 176
160 287
160 369
160 554
160 642
160 664
160 753
160 782
160 820
160 906
161 255
161 459
161 546
161 591
161 658
161 681
161 695
161 772
162 184
162 268
162 316
162 326
162 338
162 359
162 363
162 384
162 410
162 780
162 840
162 889
163 206
163 227
163 318
163 354
163 536
163 559
163 635
163 697
163 777
163 796
163 899
163 939
164 234
164 341
164 421
164 494
164 496
164 597
164 661
165 487
165 520
165 643
165 646
165 732
165 929
165 933
165 957
166 281
166 313
166 316
166 439
167 434
167 622
167 671
167 676
167 726
167 894
168 783
169 378
169 580
169 759
169 766
169 825
169 835
169 922
170 307
170 453
170 585
170 884
171 205
171 306
171 362
171 498
171 503
171 750
171 898
172 401
172 683
173 213
173 578
174 324
174 429
174 486
174 662
174 690
174 792
174 833
174 911
175 327
175 432
175 445
175 487
175 595
175 670
175 791
175 929
175 930
175 951
176 193
176 247
176 369
176 554
176 642
176 683
176 751
176 753
176 782
176 820
177 298
177 615
177 629
177 729
177 759
177 768
178 207
178 246
178 314
178 346
178 377
178 444
178 475
178 628
178 789
178 830
178 883
178 933
179 457
179 916
180 181
180 228
180 353
180 413
180 558
180 588
180 740
180 767
180 785
180 902
180 966
181 228
181 292
181 353
181 413
181 558
181 588
181 740
181 785
181 902
181 966
181 992
182 328
182 399
182 441
182 491
182 520
182 689
182 799
182 803
182 861
182 870
182 919
182 976
183 236
183 320
183 343
183 345
183 482
183 515
183 569
183 945
184 775
184 780
184 889
185 464
185 488
185 687
186 254
186 358
186 386
186 404
186 462
186 526
186 573
186 575
186 649
186 713
186 727
186 824
186 895
187 304
187 330
187 544
187 610
187 773
187 956
187 996
188 194
188 234
188 419
188 421
188 480
188 645
188 669
188 826
188 963
189 223
189 237
189 331
189 340
189 454
189 513
189 737
189 754
189 797
189 881
189 994
190 403
190 470
190 505
190 602
190 651
191 489
191 511
191 636
191 815
191 892
192 212
192 240
192 456
192 584
192 829
192 924
193 247
193 554
193 683
193 751
193 753
193 984
194 350
194 393
194 419
194 480
194 645
194 669
194 826
194 958
194 963
195 388
195 533
195 576
195 639
195 672
195 879
196 334
196 412
196 458
196 551
196 770
196 772
196 813
196 952
196 978
197 295
197 339
197 342
197 637
197 666
197 728
197 776
197 821
197 942
198 229
198 387
198 417
198 424
198 435
198 474
198 762
199 523
199 691
199 736
200 210
200 222
200 290
200 990
201 319
201 446
201 514
201 623
201 652
201 679
201 974
202 481
202 668
202 703
202 868
202 949
203 270
203 371
203 602
203 624
203 686
203 790
204 251
204 317
204 402
204 478
204 488
204 537
204 708
204 917
205 303
205 306
205 750
205 777
206 227
206 303
206 318
206 354
206 536
206 697
206 777
206 827
206 939
207 246
207 314
207 346
207 377
207 444
207 475
207 628
207 789
207 830
207 883
207 933
208 347
208 372
208 438
208 972
209 260
209 376
209 519
209 781
209 845
209 897
209 971
210 290
210 348
210 455
210 663
210 745
210 950
211 288
211 344
211 534
211 680
211 749
211 793
211 905
212 215
212 240
212 317
212 351
212 428
212 460
212 584
212 779
212 829
212 842
213 578
214 281
214 313
214 374
214 856
215 317
215 351
215 428
215 460
215 584
215 708
215 779
215 842
215 917
215 981
216 263
216 379
216 394
216 453
216 492
216 620
216 904
216 908
217 401
217 530
217 592
217 600
217 954
218 224
218 245
218 297
218 557
218 579
218 627
218 758
218 809
219 273
219 392
219 605
219 648
219 704
219 705
219 832
219 834
220 255
220 383
220 493
220 495
220 590
220 761
221 457
221 550
221 685
222 845
222 885
222 887
222 971
222 990
223 331
223 454
223 509
223 513
223 737
223 754
223 797
223 881
223 994
224 297
224 437
224 579
224 627
224 884
225 289
225 321
225 461
225 467
225 524
225 644
225 743
225 794
225 843
225 850
225 854
225 968
226 244
226 252
226 393
226 397
226 416
226 522
226 547
226 586
226 616
226 625
226 669
226 786
226 805
226 857
226 958
226 983
227 318
227 354
227 536
227 538
227 559
227 697
227 739
227 777
227 814
227 899
227 939
228 305
228 396
228 558
228 581
228 588
228 767
228 785
228 902
228 966
229 269
229 300
229 333
229 417
229 435
229 474
229 694
229 762
230 256
230 286
230 335
230 368
230 425
230 466
230 500
230 771
230 837
230 844
230 903
231 232
231 371
231 429
231 542
231 719
231 880
231 979
232 371
232 429
232 542
232 719
232 880
232 979
233 430
233 535
233 638
233 927
233 973
234 421
234 496
234 645
234 826
234 963
235 534
235 680
235 749
235 905
236 320
236 343
236 482
236 810
236 945
237 331
237 513
237 721
237 793
237 797
237 881
237 891
237 935
238 501
238 653
239 553
239 678
239 696
239 795
239 858
239 867
239 909
239 990
240 411
240 734
240 735
240 829
240 924
241 277
241 365
241 423
241 641
241 693
241 915
242 331
242 721
242 836
242 891
242 984
243 256
243 507
243 549
243 563
243 739
243 774
243 814
243 855
243 986
244 397
244 480
244 522
244 547
244 586
244 625
244 669
244 786
244 857
244 873
244 926
244 983
245 297
245 538
245 557
245 559
245 563
245 627
245 809
245 893
246 314
246 346
246 377
246 560
246 628
246 698
246 710
246 716
246 789
246 799
246 883
247 554
247 642
247 751
247 753
247 782
247 820
247 984
248 284
248 336
248 427
248 471
248 508
248 567
248 747
248 798
248 808
248 823
248 849
248 928
248 946
249 323
249 711
249 744
249 813
249 831
250 360
250 382
250 447
250 572
250 730
250 817
250 819
251 361
251 402
251 478
251 659
251 742
251 812
252 397
252 586
252 625
252 786
252 857
252 877
252 926
252 983
253 334
253 551
253 724
253 852
253 970
253 978
254 375
254 386
254 404
254 462
254 526
254 545
254 573
254 575
254 598
254 713
254 727
254 824
254 895
255 459
255 546
255 590
255 591
255 681
256 507
256 549
256 755
256 774
256 844
256 855
256 986
257 357
257 421
257 480
257 597
257 611
257 714
257 873
258 322
258 381
258 409
258 613
258 723
258 755
258 935
259 418
259 479
259 542
259 691
259 719
259 901
259 979
260 302
260 376
260 781
260 971
261 905
261 959
261 961
261 977
262 539
262 590
262 681
262 761
262 913
263 379
263 394
263 492
263 620
263 904
263 908
264 329
264 385
264 388
264 414
264 420
264 452
264 527
264 528
264 603
264 634
264 800
264 943
265 463
265 565
265 784
265 830
265 988
266 335
266 368
266 466
266 521
266 583
266 589
266 643
266 732
266 771
266 811
266 837
267 390
267 501
267 653
267 816
267 875
267 892
267 995
268 316
268 326
268 338
268 359
268 363
268 384
268 410
268 780
268 840
268 889
269 300
269 380
269 415
269 435
269 694
269 872
269 955
270 602
270 624
270 686
270 790
270 853
271 562
271 765
271 832
272 431
272 544
272 601
272 610
272 706
272 787
272 923
273 392
273 535
273 605
273 648
273 722
273 832
273 834
273 964
274 275
274 449
274 621
274 806
274 827
275 449
275 505
275 806
275 827
275 901
276 337
276 407
276 472
276 596
276 654
277 365
277 383
277 915
278 407
278 469
278 472
278 485
278 596
278 731
278 897
278 914
278 967
279 325
279 473
279 561
279 630
279 864
280 311
280 370
280 378
280 440
280 525
280 580
280 587
280 747
280 766
280 922
281 313
281 439
281 764
281 925
281 998
282 283
282 356
282 671
282 907
283 671
284 336
284 427
284 471
284 508
284 567
284 718
284 798
284 808
284 823
284 849
284 928
285 451
285 463
285 619
285 647
285 941
285 944
286 335
286 368
286 466
286 500
286 589
286 771
286 837
286 844
286 903
287 604
287 606
287 655
287 657
287 664
288 344
288 381
288 613
288 680
289 321
289 467
289 510
289 555
289 582
289 660
289 675
289 743
289 746
289 794
289 801
289 843
289 850
289 854
290 729
290 745
290 759
291 652
291 877
291 926
291 974
292 353
292 804
293 373
293 673
293 741
293 804
293 886
294 473
294 552
294 561
294 630
294 650
294 783
294 937
295 499
295 612
295 618
295 728
295 776
295 821
296 308
296 391
296 400
296 540
296 577
296 709
296 760
296 982
296 997
297 557
297 579
297 627
297 758
297 809
298 615
298 629
298 729
298 768
299 556
299 769
299 866
299 912
299 975
300 417
300 435
300 474
300 682
300 762
300 767
300 955
301 502
301 738
301 832
301 938
301 964
302 395
302 565
302 696
302 909
303 354
303 536
303 697
303 777
303 827
305 515
305 558
305 581
305 588
305 682
305 767
305 902
305 955
305 966
306 503
306 750
307 436
307 453
307 585
307 620
307 712
307 981
308 312
308 360
308 391
308 400
308 540
308 577
308 982
309 366
309 450
309 570
309 609
309 614
309 818
309 880
310 516
310 608
310 674
310 760
310 838
310 846
310 848
310 865
310 910
310 934
310 991
310 997
311 440
311 446
311 525
311 587
311 623
312 360
312 391
312 400
312 540
312 705
312 982
313 374
314 346
314 377
314 444
314 628
314 716
314 789
314 830
314 988
315 481
315 668
315 702
315 868
315 907
316 326
316 338
316 359
316 384
316 410
316 426
316 840
316 889
317 351
317 460
317 537
317 584
317 708
317 779
317 842
317 917
317 981
318 354
318 536
318 538
318 559
318 635
318 697
318 777
318 796
318 899
318 939
319 446
319 514
319 564
319 679
319 874
320 343
320 810
320 945
321 461
321 467
321 524
321 582
321 644
321 743
321 794
321 843
321 854
321 962
322 409
322 425
322 613
322 723
322 793
322 935
323 658
323 711
323 744
323 813
323 970
324 662
324 690
324 792
324 833
324 911
325 518
325 864
325 950
325 980
326 338
326 359
326 363
326 384
326 410
326 512
326 780
326 840
326 889
327 364
327 475
327 487
327 595
327 756
327 921
327 929
327 930
327 951
328 399
328 520
328 689
328 799
328 803
328 861
328 870
328 919
328 976
329 385
329 388
329 414
329 420
329 452
329 517
329 527
329 528
329 603
329 634
329 653
329 815
329 985
330 355
330 773
330 869
330 960
330 996
331 721
331 797
331 881
331 891
331 994
332 489
332 506
332 510
332 555
332 636
332 688
332 743
332 801
332 968
333 352
333 380
333 694
334 551
334 852
334 970
334 978
335 368
335 445
335 466
335 521
335 589
335 643
335 670
335 732
335 771
335 837
336 427
336 471
336 508
336 567
336 718
336 747
336 808
336 823
336 849
337 512
338 359
338 384
338 410
338 840
338 889
339 342
339 637
339 758
339 821
339 942
340 509
340 513
340 737
340 754
340 791
341 421
341 494
341 496
341 597
341 661
342 637
342 758
342 942
343 810
343 945
344 534
344 680
344 749
344 793
344 905
345 415
345 482
345 550
345 569
345 685
345 872
346 377
346 444
346 475
346 628
346 789
346 830
346 883
346 933
347 372
347 619
347 647
347 941
348 455
348 663
348 720
348 745
348 807
348 950
349 411
349 536
349 621
349 734
349 735
349 806
350 393
350 522
350 586
350 625
350 669
350 715
350 805
350 860
350 925
350 932
350 958
350 998
351 428
351 460
351 537
351 584
351 708
351 779
351 842
351 917
352 387
352 724
353 413
353 424
353 740
353 831
354 536
354 697
354 777
354 827
354 939
355 592
355 869
355 960
355 996
356 702
356 907
357 421
357 480
357 597
357 611
357 714
357 873
358 386
358 407
358 462
358 485
358 526
358 573
358 649
359 363
359 384
359 410
359 840
359 889
360 391
360 400
360 447
360 705
360 730
360 982
361 402
361 478
361 659
361 742
361 812
362 750
362 898
362 949
363 384
363 410
363 512
363 618
363 889
363 904
364 451
364 475
364 756
364 921
364 930
365 383
365 423
365 641
365 693
365 770
365 915
366 556
366 614
366 640
366 769
366 866
366 975
367 408
367 498
367 593
367 656
367 898
368 466
368 521
368 583
368 589
368 771
368 811
368 837
368 903
369 554
369 631
369 642
369 664
369 733
369 753
369 782
369 820
369 906
370 378
370 422
370 580
370 587
370 598
370 766
370 825
370 922
371 429
371 542
371 719
372 438
372 706
372 923
372 941
372 972
373 736
373 804
373 886
374 447
374 856
375 404
375 526
375 545
375 623
375 665
375 667
375 707
375 713
375 895
376 469
376 519
376 781
376 897
376 914
376 967
376 971
377 444
377 560
377 628
377 716
377 789
377 830
377 883
377 933
378 580
378 766
378 825
378 835
378 922
379 394
379 492
379 712
379 904
379 965
379 989
380 694
381 613
381 723
381 755
381 774
382 447
382 572
382 819
382 851
382 856
382 953
383 493
383 495
383 915
384 410
384 840
384 889
385 388
385 414
385 420
385 452
385 527
385 603
385 800
385 943
386 405
386 422
386 526
386 573
386 598
386 727
386 824
386 895
387 424
387 711
387 970
388 414
388 527
388 528
388 634
388 800
388 879
388 943
389 433
389 468
389 502
389 532
389 548
389 599
389 633
389 738
389 878
390 501
390 816
390 875
390 916
390 995
391 400
391 540
391 982
392 535
392 605
392 648
392 704
392 722
392 832
392 834
392 964
393 522
393 586
393 625
393 669
393 805
393 932
393 958
394 492
394 904
394 908
394 965
395 553
395 565
395 696
395 909
396 464
396 588
396 687
396 785
396 992
397 480
397 522
397 547
397 586
397 625
397 669
397 786
397 857
397 873
397 958
397 983
398 572
398 817
398 859
399 491
399 571
399 689
399 728
399 803
399 861
399 870
399 876
399 947
399 976
400 540
400 577
400 582
400 962
400 982
401 530
401 954
402 478
402 488
402 742
402 812
403 470
403 602
403 651
404 525
404 526
404 545
404 598
404 713
404 727
404 824
404 895
405 422
405 573
405 598
405 725
405 727
405 824
405 887
405 918
406 416
406 616
406 623
406 665
406 667
406 707
406 983
407 472
407 596
407 649
408 498
408 503
408 593
408 656
408 898
409 425
409 613
409 723
409 793
409 935
410 840
410 889
411 621
411 734
411 735
411 829
412 458
412 641
412 693
412 770
412 952
413 417
413 424
413 740
413 767
413 966
414 420
414 452
414 517
414 527
414 528
414 603
414 634
414 800
414 943
415 872
415 955
416 522
416 616
416 748
416 805
416 932
417 435
417 474
417 682
417 740
417 762
417 767
417 966
418 450
418 479
418 523
418 542
418 691
418 719
418 901
418 979
419 645
419 764
419 826
419 860
419 963
419 998
420 452
420 527
420 528
420 603
420 943
421 480
421 597
421 611
421 714
422 526
422 573
422 598
422 725
422 727
422 824
422 918
423 641
423 693
423 915
424 711
424 831
425 500
426 504
426 709
427 471
427 508
427 567
427 747
427 808
427 823
427 849
428 437
428 460
428 779
428 796
428 842
429 486
429 542
429 662
429 719
429 833
429 880
429 911
430 535
430 632
430 638
430 648
430 677
430 704
430 722
430 927
430 973
431 454
431 509
431 601
431 737
431 787
431 896
432 445
432 487
432 670
432 791
432 930
432 951
433 468
433 532
433 548
433 633
433 701
433 738
433 878
433 993
434 574
434 676
434 726
434 894
434 900
435 474
435 682
435 762
435 955
436 712
436 981
437 635
437 796
437 842
437 884
437 899
438 706
438 923
438 941
438 972
439 531
439 925
440 446
440 514
440 525
440 587
440 874
441 465
441 491
441 560
441 571
441 698
441 799
441 803
441 870
441 919
441 969
441 976
442 468
442 633
442 931
443 484
443 543
443 695
443 744
443 757
443 802
444 451
444 475
444 756
444 830
444 921
444 933
445 487
445 670
445 930
445 951
446 514
446 525
446 623
446 707
446 874
447 572
447 819
447 856
447 953
448 456
448 464
448 673
448 741
448 924
449 806
449 827
450 570
450 609
450 818
450 839
451 463
451 475
451 756
451 830
451 921
451 944
452 517
452 527
452 528
452 603
452 943
453 492
453 585
453 620
453 908
454 509
454 513
454 737
454 754
454 797
454 896
454 994
455 663
455 720
455 745
455 807
456 537
456 584
456 829
456 924
457 550
457 685
457 816
457 916
457 995
458 641
458 693
458 770
458 952
459 484
459 543
459 546
459 591
459 681
459 695
459 913
459 920
460 537
460 584
460 708
460 779
460 842
460 917
461 524
461 541
461 644
461 743
461 778
462 575
462 594
462 649
462 700
462 828
463 784
463 830
463 944
463 988
464 673
464 687
464 992
465 469
465 571
465 698
465 710
465 731
465 897
465 967
465 969
466 500
466 589
466 771
466 837
466 844
466 893
466 903
467 510
467 555
467 566
467 582
467 660
467 675
467 688
467 743
467 746
467 801
467 843
467 850
467 854
467 999
468 502
468 532
468 548
468 599
468 633
468 738
468 878
468 882
469 485
469 731
469 781
469 897
469 914
469 967
470 505
470 602
470 651
471 508
471 567
471 747
471 808
471 823
471 849
471 946
472 596
472 888
473 561
473 630
473 650
473 783
473 795
473 858
473 864
473 937
474 682
474 762
475 756
475 830
475 921
475 933
476 483
476 506
476 510
476 555
476 626
476 660
476 688
476 692
476 763
476 801
476 948
476 999
477 631
477 733
477 890
478 708
478 742
478 812
479 691
479 806
479 901
480 547
480 597
480 611
480 714
480 873
481 668
481 702
481 703
481 868
481 907
482 569
482 685
482 945
483 506
483 555
483 566
483 626
483 660
483 675
483 688
483 692
483 801
483 999
484 543
484 546
484 591
484 640
484 695
484 757
484 920
485 519
485 897
485 914
485 967
486 614
486 690
486 792
486 833
486 880
486 911
487 646
487 670
487 929
487 930
487 951
487 957
488 537
489 506
489 510
489 511
489 636
489 892
489 968
490 788
490 836
491 571
491 689
491 799
491 803
491 870
491 876
491 888
491 919
491 947
491 969
491 976
492 620
492 904
492 908
493 495
493 590
493 761
494 496
494 661
494 684
494 859
495 761
495 915
496 661
496 684
496 859
497 684
498 503
498 593
498 656
498 898
499 612
499 618
499 728
499 776
499 821
499 876
499 947
500 837
500 844
501 653
501 815
501 892
501 985
502 548
502 599
502 738
502 882
502 938
503 549
503 774
504 709
504 760
505 602
505 651
506 510
506 529
506 555
506 626
506 688
506 763
506 801
507 538
507 549
507 563
507 739
507 777
507 814
507 855
507 986
508 567
508 587
508 747
508 808
508 823
508 849
509 595
509 601
509 737
509 754
509 787
509 791
509 994
510 555
510 688
510 743
510 801
510 843
510 968
511 529
511 636
511 875
511 892
512 618
512 904
513 754
513 797
513 881
513 994
514 564
514 679
514 717
514 874
515 558
515 581
515 588
515 945
516 760
516 838
516 846
516 848
516 865
516 910
516 934
516 991
516 997
517 527
517 528
517 541
517 634
517 653
517 778
517 815
517 985
518 630
518 678
518 795
518 858
518 864
518 937
518 950
519 781
519 845
519 887
519 897
519 971
520 646
520 689
520 799
520 803
520 861
520 870
520 919
520 976
521 583
521 589
521 643
521 732
521 771
521 811
522 547
522 586
522 616
522 625
522 669
522 786
522 805
522 932
522 958
522 983
523 691
523 736
524 644
524 778
525 587
525 623
526 573
526 598
526 713
526 727
526 824
526 895
527 528
527 603
527 634
527 653
527 815
527 985
528 634
528 815
528 985
529 699
529 763
529 948
530 592
530 600
530 954
531 715
531 925
531 998
532 548
532 633
532 878
532 931
533 576
533 639
533 672
533 879
534 680
534 749
534 905
535 638
535 648
535 677
535 722
535 964
535 973
536 621
536 635
536 697
536 827
536 939
537 584
537 708
537 917
538 559
538 563
538 739
538 777
538 814
538 855
538 893
538 986
539 590
539 681
539 761
539 912
539 913
540 577
540 982
541 778
541 968
541 985
542 719
542 979
543 546
543 640
543 695
543 757
543 802
543 920
544 601
544 610
544 773
544 956
545 665
545 667
545 707
545 713
545 895
546 591
546 681
546 695
546 913
546 920
547 586
547 625
547 669
547 786
547 857
547 873
547 958
548 633
548 738
548 878
548 931
549 739
549 755
549 774
549 844
550 685
551 852
551 952
551 970
551 978
552 650
552 858
552 909
552 937
553 678
553 696
553 795
553 858
553 867
553 909
553 937
553 990
554 642
554 751
554 753
554 782
554 820
554 906
555 566
555 626
555 660
555 675
555 688
555 743
555 801
555 843
555 850
555 999
556 614
556 769
556 866
556 912
557 579
557 583
557 627
557 758
557 809
557 893
558 581
558 588
558 682
558 740
558 767
558 785
558 902
558 966
559 627
559 796
559 899
559 939
560 628
560 698
560 710
560 789
560 799
560 803
560 883
560 919
560 933
561 630
561 650
561 783
561 937
562 605
562 765
562 832
562 938
562 964
563 739
563 814
563 855
563 893
563 903
563 986
564 679
564 717
564 974
565 696
565 784
565 909
565 988
566 577
566 582
566 660
566 675
566 746
566 801
566 843
566 850
566 854
566 865
566 997
566 999
567 747
567 808
567 823
567 849
567 946
568 608
568 674
568 846
568 934
568 991
569 685
570 609
570 614
570 818
570 880
570 979
571 698
571 799
571 803
571 870
571 888
571 919
571 969
572 819
572 851
572 856
572 953
573 598
573 727
573 824
573 895
574 606
574 900
575 594
575 649
575 665
575 700
575 841
575 987
576 639
576 672
576 879
577 582
577 675
577 746
577 850
577 854
577 865
577 982
577 997
578 936
579 627
579 884
580 725
580 766
580 825
580 835
580 918
580 922
581 588
581 902
582 660
582 675
582 746
582 794
582 843
582 850
582 854
582 962
583 589
583 771
583 809
583 811
583 893
584 779
584 917
585 620
586 625
586 669
586 786
586 805
586 857
586 958
586 983
587 747
587 823
587 874
587 922
588 767
588 785
588 902
588 966
589 771
589 811
589 837
589 903
590 681
590 761
590 913
591 658
591 681
591 695
591 772
592 869
592 960
592 996
593 656
593 898
593 961
594 649
594 700
594 775
594 828
594 987
595 787
595 791
595 930
596 649
597 611
597 714
598 713
598 727
598 824
598 895
599 882
599 940
600 863
600 869
600 954
601 610
601 737
601 822
601 896
602 651
602 686
602 790
603 800
603 943
604 631
604 655
604 657
604 664
604 906
605 648
605 765
605 832
605 834
605 964
606 900
607 624
607 686
607 853
607 868
608 674
608 838
608 846
608 934
608 965
608 989
608 991
609 802
609 818
609 839
610 773
610 956
611 714
612 618
612 654
612 728
612 776
612 821
612 876
612 947
613 723
613 755
613 774
613 935
614 880
615 729
615 759
615 768
616 748
616 805
616 932
616 958
617 626
617 659
617 692
617 948
617 991
618 904
619 647
619 941
620 908
621 735
621 806
621 827
622 671
622 726
622 894
622 977
623 667
623 707
624 686
624 790
624 847
624 853
625 669
625 786
625 805
625 857
625 958
625 983
626 660
626 688
626 692
626 948
626 999
627 809
627 884
628 710
628 716
628 789
628 883
629 729
629 768
629 936
630 650
630 783
630 795
630 858
630 864
630 937
631 657
631 664
631 733
631 871
631 890
631 906
632 648
632 677
632 704
632 705
632 722
632 730
632 817
632 927
632 973
633 878
633 931
634 778
634 800
635 735
635 796
635 899
635 939
636 892
637 758
637 821
637 942
638 677
638 722
638 927
638 973
639 672
639 879
639 940
640 866
640 912
640 920
640 975
641 693
641 770
641 915
641 952
642 753
642 782
642 820
642 906
643 646
643 732
643 771
643 957
644 778
645 764
645 826
645 851
645 860
645 963
645 998
646 929
646 933
646 957
647 941
648 677
648 704
648 705
648 722
648 973
649 700
650 783
650 795
650 858
650 937
651 790
652 679
652 877
652 974
653 815
653 892
653 985
654 876
654 888
654 947
654 969
655 657
655 664
656 898
656 961
657 664
657 871
657 906
658 695
658 772
658 813
659 742
659 812
659 948
660 675
660 688
660 692
660 746
660 801
660 843
660 850
660 854
660 865
660 999
661 859
662 690
662 792
662 833
662 911
663 720
663 745
663 807
663 950
664 733
664 906
665 667
665 707
665 713
666 689
666 861
667 707
667 713
668 702
668 703
668 868
669 786
669 958
669 983
670 951
672 879
673 741
673 886
673 924
673 992
674 838
674 846
674 934
674 965
674 989
674 991
675 688
675 746
675 801
675 843
675 850
675 854
675 865
675 999
676 726
676 894
676 900
677 704
677 705
677 722
677 927
677 973
678 795
678 858
678 867
678 990
679 974
680 749
680 905
681 761
681 913
682 762
682 767
682 955
682 966
683 751
684 859
686 790
686 853
687 992
688 692
688 801
688 999
689 803
689 861
689 870
689 919
689 976
690 792
690 833
690 911
691 901
692 948
692 991
692 999
693 915
695 757
695 920
696 858
696 867
696 909
697 777
697 899
697 939
698 710
698 716
698 731
698 789
698 967
699 763
699 810
699 862
699 948
700 775
700 828
700 987
701 993
702 907
703 868
703 949
704 705
704 722
704 730
704 817
705 722
705 730
705 834
706 923
706 941
706 956
706 972
708 779
708 917
708 981
709 760
709 848
709 997
710 716
710 731
710 789
711 744
711 831
713 727
713 824
713 895
714 873
715 748
715 925
715 932
715 998
716 789
717 718
717 874
718 849
718 928
719 979
720 745
720 807
721 797
721 891
722 927
722 973
723 755
723 774
723 935
724 852
724 978
725 766
725 825
725 885
725 887
725 918
726 894
726 959
726 977
727 824
727 895
728 776
728 821
728 876
729 745
729 759
729 768
730 817
730 819
731 897
731 914
731 967
732 771
732 957
733 871
733 890
734 735
734 829
736 804
737 754
737 787
737 791
737 994
738 878
738 938
738 993
739 777
739 814
739 855
739 986
740 762
740 767
740 785
740 902
740 966
741 829
741 924
742 812
743 801
743 843
743 850
743 968
744 757
744 831
745 807
746 794
746 801
746 843
746 850
746 854
746 962
746 999
747 808
747 823
747 849
747 922
748 805
748 841
748 932
749 793
749 905
751 753
751 984
752 946
753 782
753 820
753 906
754 791
754 881
754 994
755 774
756 921
757 802
759 768
759 835
760 846
760 848
760 865
760 910
760 997
762 767
762 955
762 966
763 862
763 948
764 860
764 925
764 998
765 832
766 825
766 835
766 918
766 922
767 785
767 902
767 955
767 966
769 866
769 912
770 772
770 952
771 811
771 837
772 813
773 956
773 996
775 828
775 841
775 987
776 821
777 814
778 968
779 842
779 917
780 889
781 897
781 914
781 967
781 971
782 820
782 906
784 988
785 902
785 966
785 992
786 857
786 958
786 983
788 820
789 883
792 833
792 911
793 881
793 935
794 843
794 854
794 962
795 858
795 867
795 909
795 937
796 899
796 939
797 881
797 891
797 994
798 928
798 946
799 803
799 861
799 870
799 883
799 919
799 976
800 943
801 843
801 850
801 854
801 999
802 839
803 861
803 870
803 919
803 976
804 886
805 932
805 958
806 901
807 980
808 823
808 849
808 946
809 893
810 862
810 945
814 855
814 893
814 986
815 892
815 985
816 875
816 916
816 995
817 819
818 839
819 856
819 953
820 906
821 942
822 863
822 896
823 849
824 895
825 835
825 918
826 851
826 963
828 987
829 924
830 988
832 938
832 964
833 880
833 911
835 922
836 984
837 844
837 903
838 846
838 848
838 934
838 965
838 989
840 889
841 987
842 884
843 850
843 854
843 999
844 903
844 986
845 885
845 887
845 971
846 848
846 910
846 934
846 991
847 853
848 865
848 910
848 991
848 997
849 928
850 854
850 999
851 856
851 953
851 963
852 970
852 978
854 962
854 999
855 893
855 903
855 986
856 953
857 877
857 926
857 983
858 867
858 909
858 937
860 925
860 998
861 870
861 919
861 976
862 948
863 896
864 980
865 910
865 997
865 999
866 912
866 913
866 975
867 909
867 990
869 960
869 996
870 919
870 969
870 976
871 890
872 955
873 926
875 995
876 888
876 947
876 969
877 926
878 931
881 994
882 940
883 919
883 933
885 887
885 918
885 971
887 918
887 971
888 947
888 969
892 985
893 903
893 986
894 959
894 977
897 914
897 967
899 939
902 966
903 986
908 942
910 991
910 997
912 913
912 975
913 920
913 975
914 967
916 995
917 981
919 969
919 976
920 975
923 941
923 972
925 998
927 973
929 930
929 933
929 951
929 957
930 951
932 958
933 957
934 989
934 991
938 964
941 944
941 972
947 969
950 980
951 957
953 963
958 983
959 977
960 996
961 977
962 982
965 989
970 978
