0 75
0 86
0 115
0 144
0 201
0 291
0 319
0 564
0 652
0 679
0 877
0 926
0 974
1 111
1 131
1 158
1 163
1 206
1 227
1 245
1 318
1 354
1 538
1 559
1 563
1 627
1 635
1 697
1 739
1 777
1 796
1 809
1 814
1 855
1 893
1 899
1 939
1 986
2 20
2 56
2 121
2 193
2 217
2 242
2 401
2 530
2 600
2 751
2 836
2 954
2 984
3 112
3 120
3 138
3 166
3 214
3 281
3 313
3 439
3 531
3 715
3 764
3 860
3 925
3 998
4 14
4 29
4 114
4 169
4 280
4 370
4 378
4 427
4 508
4 580
4 587
4 747
4 766
4 808
4 823
4 825
4 835
4 922
5 8
5 10
5 94
5 100
5 125
5 375
5 404
5 406
5 416
5 545
5 616
5 623
5 665
5 667
5 707
5 713
5 748
5 895
6 17
6 49
6 57
6 85
6 265
6 285
6 463
6 552
6 565
6 619
6 647
6 784
6 944
6 988
7 36
7 61
7 69
7 71
7 135
7 161
7 366
7 443
7 459
7 484
7 539
7 543
7 546
7 591
7 640
7 681
7 695
7 866
7 912
7 913
7 920
7 975
8 54
8 100
8 104
8 119
8 156
8 416
8 462
8 545
8 575
8 594
8 616
8 665
8 667
8 700
8 748
8 775
8 828
8 841
8 987
9 73
9 171
9 190
9 205
9 274
9 275
9 303
9 306
9 362
9 403
9 449
9 470
9 651
9 750
9 827
10 32
10 94
10 100
10 125
10 254
10 311
10 375
10 404
10 406
10 446
10 525
10 545
10 623
10 665
10 667
10 707
10 713
10 895
11 47
11 107
11 122
11 129
11 178
11 207
11 246
11 314
11 346
11 377
11 444
11 475
11 560
11 628
11 646
11 716
11 789
11 799
11 830
11 883
11 919
11 933
12 65
12 104
12 113
12 276
12 278
12 337
12 358
12 407
12 462
12 472
12 485
12 594
12 596
12 649
12 700
13 106
13 185
13 396
13 448
13 464
13 673
13 687
13 785
13 992
14 87
14 114
14 136
14 169
14 177
14 290
14 580
14 615
14 729
14 759
14 766
14 768
14 825
14 835
15 533
15 599
15 639
15 882
15 940
16 38
16 128
16 141
16 235
16 261
16 534
16 622
16 680
16 894
16 905
16 959
16 961
16 977
17 30
17 49
17 57
17 85
17 168
17 294
17 347
17 552
17 619
17 647
17 650
17 783
18 87
18 136
18 177
18 290
18 298
18 348
18 455
18 615
18 629
18 663
18 720
18 729
18 745
18 768
19 91
19 138
19 162
19 184
19 268
19 316
19 326
19 338
19 359
19 363
19 384
19 410
19 780
19 840
19 889
20 172
20 217
20 401
20 530
20 600
20 954
21 29
21 248
21 284
21 336
21 427
21 440
21 471
21 508
21 514
21 567
21 587
21 717
21 718
21 747
21 808
21 823
21 849
21 874
22 67
22 92
22 133
22 189
22 211
22 237
22 322
22 331
22 344
22 409
22 513
22 721
22 749
22 793
22 797
22 881
22 891
22 935
22 994
23 106
23 192
23 204
23 212
23 215
23 317
23 351
23 456
23 460
23 488
23 537
23 584
23 708
23 779
23 917
24 79
24 434
24 574
24 606
24 726
24 788
24 894
24 900
24 959
25 59
25 157
25 301
25 389
25 433
25 442
25 468
25 502
25 532
25 548
25 599
25 633
25 738
25 878
25 882
25 931
25 938
25 993
26 112
26 188
26 194
26 234
26 281
26 382
26 419
26 645
26 764
26 826
26 851
26 856
26 860
26 925
26 953
26 963
26 998
27 147
27 150
27 229
27 269
27 333
27 352
27 380
27 435
27 474
27 694
28 117
28 195
28 271
28 533
28 562
28 576
28 639
28 672
28 765
28 879
28 882
29 280
29 311
29 336
29 370
29 378
29 427
29 440
29 508
29 525
29 587
29 747
29 808
29 823
29 849
29 874
29 922
30 85
30 153
30 168
30 208
30 347
30 372
30 438
30 619
30 647
30 941
31 58
31 308
31 312
31 321
31 360
31 391
31 400
31 540
31 577
31 582
31 705
31 746
31 794
31 834
31 854
31 962
31 982
32 65
32 70
32 100
32 104
32 113
32 125
32 127
32 186
32 254
32 358
32 375
32 386
32 404
32 462
32 526
32 545
32 573
32 575
32 594
32 598
32 649
32 665
32 667
32 713
32 727
32 824
32 895
33 98
33 220
33 241
33 277
33 365
33 383
33 423
33 493
33 495
33 641
33 693
33 915
34 45
34 188
34 194
34 226
34 234
34 244
34 257
34 350
34 357
34 393
34 397
34 419
34 421
34 480
34 522
34 547
34 586
34 611
34 625
34 669
34 714
34 873
34 958
35 134
35 145
35 173
35 213
35 298
35 578
35 629
35 936
36 61
36 69
36 161
36 220
36 255
36 262
36 459
36 493
36 495
36 539
36 546
36 590
36 591
36 681
36 761
36 912
36 913
36 920
37 282
37 283
37 315
37 356
37 671
37 702
37 907
38 67
38 211
38 235
38 344
38 534
38 680
38 749
38 793
38 891
38 905
39 310
39 483
39 516
39 568
39 608
39 617
39 626
39 674
39 692
39 846
39 848
39 865
39 910
39 934
39 991
40 62
40 164
40 234
40 341
40 421
40 494
40 496
40 661
40 684
40 859
41 51
41 108
41 143
41 175
41 335
41 340
41 425
41 432
41 445
41 487
41 595
41 670
41 791
41 929
41 930
41 951
42 44
42 48
42 103
42 168
42 279
42 294
42 473
42 552
42 561
42 630
42 650
42 783
42 795
42 858
42 864
42 937
43 99
43 126
43 159
43 198
43 249
43 353
43 387
43 413
43 417
43 424
43 474
43 711
43 740
43 762
43 831
43 966
44 48
44 103
44 168
44 279
44 294
44 473
44 552
44 561
44 630
44 650
44 783
44 864
44 937
45 90
45 105
45 112
45 156
45 188
45 194
45 226
45 350
45 393
45 397
45 416
45 522
45 547
45 586
45 616
45 625
45 669
45 715
45 748
45 786
45 805
45 860
45 925
45 932
45 958
45 983
45 998
46 102
46 155
46 330
46 431
46 544
46 601
46 610
46 773
46 822
46 863
46 869
46 896
46 956
46 960
47 77
47 129
47 132
47 246
47 377
47 441
47 465
47 469
47 491
47 560
47 571
47 628
47 698
47 710
47 716
47 731
47 789
47 799
47 883
47 897
47 919
47 967
47 969
48 103
48 279
48 294
48 473
48 561
48 630
48 650
48 783
48 864
48 937
49 57
49 85
49 153
49 265
49 285
49 463
49 552
49 619
49 647
49 784
49 941
49 944
49 988
50 95
50 99
50 126
50 148
50 159
50 180
50 181
50 292
50 353
50 373
50 413
50 740
50 804
50 831
50 886
51 107
51 108
51 143
51 165
51 175
51 327
51 432
51 445
51 487
51 595
51 670
51 791
51 929
51 930
51 951
51 957
52 73
52 171
52 306
52 362
52 367
52 408
52 498
52 503
52 593
52 656
52 750
52 898
53 66
53 68
53 98
53 110
53 196
53 365
53 412
53 423
53 458
53 551
53 641
53 693
53 770
53 772
53 813
53 952
54 119
54 138
54 156
54 184
54 531
54 594
54 700
54 715
54 775
54 780
54 828
54 841
54 987
55 72
55 185
55 251
55 361
55 402
55 488
55 659
55 742
55 812
55 862
56 80
56 121
56 172
56 176
56 193
56 247
56 401
56 683
56 751
56 753
56 984
57 85
57 142
57 265
57 285
57 395
57 463
57 552
57 565
57 619
57 647
57 784
57 909
57 988
58 225
58 289
58 321
58 461
58 467
58 524
58 582
58 644
58 743
58 746
58 794
58 834
58 843
58 850
58 854
58 962
59 157
59 301
59 389
59 433
59 442
59 468
59 502
59 532
59 548
59 599
59 633
59 738
59 878
59 882
59 931
60 272
60 364
60 431
60 438
60 544
60 595
60 601
60 610
60 706
60 756
60 787
60 923
60 956
60 972
61 69
61 161
61 255
61 262
61 299
61 459
61 539
61 546
61 590
61 591
61 640
61 681
61 761
61 866
61 912
61 913
61 920
61 975
62 164
62 234
62 341
62 398
62 494
62 496
62 572
62 661
62 684
62 826
62 851
62 859
62 953
62 963
63 81
63 264
63 329
63 385
63 388
63 414
63 420
63 452
63 501
63 517
63 527
63 528
63 541
63 603
63 634
63 653
63 778
63 815
63 892
63 985
64 83
64 88
64 315
64 481
64 607
64 624
64 668
64 703
64 853
64 868
65 104
65 113
65 127
65 186
65 254
65 358
65 386
65 407
65 462
65 472
65 485
65 526
65 573
65 575
65 594
65 596
65 649
65 700
65 727
66 68
66 98
66 110
66 154
66 196
66 253
66 334
66 412
66 458
66 551
66 641
66 693
66 770
66 772
66 852
66 952
66 970
66 978
67 211
67 235
67 237
67 288
67 344
67 534
67 680
67 749
67 793
67 891
67 905
68 196
68 253
68 334
68 412
68 458
68 551
68 641
68 693
68 770
68 852
68 952
68 978
69 71
69 135
69 161
69 255
69 459
69 484
69 539
69 543
69 546
69 590
69 591
69 640
69 681
69 695
69 912
69 913
69 920
69 975
70 113
70 127
70 186
70 254
70 358
70 370
70 386
70 404
70 405
70 422
70 485
70 526
70 573
70 598
70 725
70 727
70 824
70 887
70 895
70 918
71 137
71 366
71 443
71 459
71 484
71 543
71 546
71 640
71 695
71 757
71 802
71 839
71 920
71 975
72 204
72 251
72 361
72 402
72 478
72 488
72 537
72 708
72 742
72 812
72 917
73 171
73 202
73 362
73 750
73 898
73 949
74 149
74 219
74 273
74 392
74 430
74 535
74 605
74 632
74 648
74 677
74 704
74 705
74 722
74 832
74 834
74 964
75 86
75 244
75 252
75 291
75 397
75 652
75 786
75 857
75 873
75 877
75 926
75 983
76 174
76 324
76 429
76 486
76 556
76 614
76 662
76 690
76 769
76 792
76 833
76 880
76 911
77 129
77 182
77 278
77 399
77 441
77 465
77 469
77 491
77 571
77 654
77 698
77 710
77 731
77 799
77 803
77 870
77 876
77 888
77 919
77 947
77 967
77 969
77 976
78 103
78 146
78 210
78 325
78 348
78 455
78 518
78 663
78 678
78 807
78 864
78 950
78 980
78 990
79 434
79 574
79 606
79 642
79 900
80 121
80 160
80 176
80 193
80 247
80 369
80 477
80 554
80 631
80 642
80 664
80 683
80 733
80 751
80 753
80 782
80 820
80 890
80 906
81 191
81 238
81 267
81 390
81 501
81 653
81 815
81 816
81 875
81 892
81 985
81 995
82 179
82 221
82 457
82 482
82 550
82 685
82 816
82 916
82 995
83 88
83 481
83 607
83 624
83 668
83 686
83 703
83 853
83 868
84 141
84 167
84 261
84 282
84 283
84 434
84 622
84 671
84 676
84 726
84 894
84 959
84 977
85 153
85 285
85 347
85 463
85 552
85 619
85 647
85 784
85 941
85 944
86 144
86 226
86 244
86 252
86 291
86 397
86 625
86 652
86 786
86 857
86 873
86 877
86 926
86 974
86 983
87 114
87 136
87 169
87 177
87 298
87 615
87 629
87 729
87 752
87 759
87 768
87 835
87 946
88 202
88 315
88 403
88 481
88 607
88 668
88 686
88 702
88 703
88 868
88 949
89 124
89 250
89 382
89 398
89 447
89 572
89 632
89 677
89 704
89 705
89 730
89 817
89 819
90 105
90 112
90 156
90 194
90 226
90 350
90 393
90 416
90 419
90 522
90 531
90 586
90 616
90 625
90 669
90 715
90 748
90 764
90 805
90 860
90 925
90 932
90 958
90 998
91 93
91 138
91 162
91 268
91 316
91 326
91 338
91 359
91 363
91 384
91 410
91 512
91 618
91 780
91 840
91 889
91 904
92 133
92 189
92 223
92 237
92 242
92 331
92 454
92 513
92 721
92 793
92 797
92 881
92 891
92 994
93 276
93 337
93 363
93 499
93 512
93 612
93 618
93 654
93 876
93 904
93 947
94 115
94 125
94 201
94 311
94 319
94 375
94 406
94 440
94 446
94 514
94 525
94 623
94 667
94 707
94 874
95 99
95 126
95 159
95 180
95 181
95 228
95 292
95 353
95 413
95 740
95 785
95 902
95 966
95 992
96 97
96 109
96 259
96 274
96 275
96 418
96 449
96 479
96 505
96 691
96 806
96 901
97 274
97 349
97 411
97 449
97 479
97 536
97 621
97 734
97 735
97 806
97 827
97 901
98 110
98 161
98 196
98 220
98 241
98 255
98 365
98 383
98 412
98 423
98 458
98 495
98 641
98 693
98 770
98 772
98 915
98 952
99 126
99 150
99 159
99 180
99 181
99 198
99 292
99 353
99 413
99 417
99 424
99 435
99 474
99 682
99 711
99 740
99 762
99 767
99 785
99 831
99 902
99 966
100 125
100 254
100 375
100 404
100 406
100 416
100 545
100 575
100 616
100 623
100 665
100 667
100 707
100 713
100 748
100 841
100 895
101 148
101 199
101 293
101 373
101 523
101 691
101 736
101 804
101 886
102 108
102 155
102 189
102 223
102 272
102 340
102 431
102 454
102 509
102 595
102 601
102 737
102 754
102 787
102 791
102 822
102 896
102 994
103 139
103 146
103 279
103 294
103 325
103 473
103 518
103 561
103 630
103 650
103 678
103 795
103 858
103 864
103 937
103 950
103 980
104 113
104 186
104 254
104 358
104 375
104 386
104 404
104 462
104 526
104 545
104 573
104 575
104 594
104 649
104 665
104 700
104 713
104 727
104 895
105 112
105 119
105 156
105 350
105 393
105 416
105 522
105 531
105 616
105 715
105 748
105 805
105 841
105 860
105 925
105 932
105 958
105 998
106 116
106 192
106 448
106 456
106 464
106 537
106 584
106 673
106 687
106 741
106 829
106 924
107 122
107 165
107 175
107 178
107 207
107 327
107 346
107 364
107 444
107 475
107 487
107 646
107 756
107 921
107 929
107 930
107 933
107 951
107 957
108 143
108 175
108 327
108 340
108 364
108 431
108 432
108 445
108 509
108 595
108 737
108 754
108 787
108 791
108 930
108 951
109 259
109 274
109 275
109 418
109 449
109 479
109 505
109 691
109 806
109 901
110 135
110 154
110 161
110 196
110 255
110 365
110 412
110 458
110 551
110 591
110 641
110 658
110 770
110 772
110 813
110 952
111 131
111 158
111 163
111 206
111 227
111 243
111 245
111 318
111 354
111 507
111 538
111 559
111 563
111 697
111 739
111 777
111 809
111 814
111 855
111 893
111 939
111 986
112 120
112 188
112 194
112 281
112 350
112 393
112 419
112 531
112 645
112 715
112 764
112 826
112 851
112 860
112 925
112 963
112 998
113 127
113 186
113 254
113 358
113 386
113 405
113 422
113 462
113 485
113 526
113 573
113 598
113 649
113 727
113 824
113 895
114 169
114 378
114 580
114 615
114 747
114 759
114 766
114 768
114 808
114 825
114 835
114 922
115 144
115 201
115 319
115 446
115 514
115 564
115 652
115 679
115 717
115 874
115 974
116 192
116 199
116 240
116 293
116 411
116 448
116 673
116 734
116 741
116 829
116 886
116 924
117 195
117 264
117 271
117 388
117 414
117 517
117 524
117 528
117 533
117 576
117 634
117 765
117 778
117 800
117 879
117 943
118 218
118 245
118 297
118 342
118 521
118 557
118 583
118 589
118 627
118 637
118 666
118 758
118 809
118 811
119 156
119 184
119 416
119 531
119 575
119 594
119 616
119 700
119 715
119 748
119 775
119 828
119 841
119 932
119 987
120 140
120 166
120 214
120 281
120 313
120 374
120 439
120 531
120 764
120 856
120 860
120 925
120 998
121 172
121 176
121 193
121 247
121 401
121 554
121 683
121 751
121 753
121 782
121 836
121 984
122 165
122 328
122 487
122 520
122 643
122 646
122 732
122 799
122 803
122 883
122 929
122 933
122 951
122 957
123 307
123 436
123 478
123 708
123 712
123 981
124 140
124 214
124 250
124 312
124 360
124 374
124 382
124 391
124 447
124 572
124 730
124 817
124 819
124 851
124 856
124 953
124 982
125 186
125 254
125 280
125 311
125 370
125 375
125 404
125 422
125 525
125 526
125 545
125 573
125 598
125 623
125 665
125 667
125 707
125 713
125 727
125 824
125 895
126 159
126 180
126 181
126 228
126 292
126 353
126 413
126 417
126 424
126 558
126 588
126 740
126 762
126 767
126 785
126 902
126 966
127 186
127 254
127 358
127 386
127 405
127 422
127 485
127 519
127 526
127 573
127 598
127 725
127 727
127 824
127 895
128 211
128 261
128 288
128 344
128 367
128 408
128 498
128 534
128 593
128 656
128 680
128 898
128 905
128 961
129 182
129 246
129 328
129 377
129 441
129 465
129 491
129 520
129 560
129 571
129 628
129 646
129 689
129 698
129 710
129 789
129 799
129 803
129 861
129 870
129 883
129 919
129 933
129 969
129 976
130 147
130 183
130 228
130 300
130 305
130 417
130 515
130 558
130 581
130 588
130 682
130 762
130 767
130 785
130 872
130 902
130 955
130 966
131 158
131 163
131 218
131 227
131 245
131 297
131 318
131 538
131 557
131 559
131 563
131 579
131 627
131 697
131 739
131 809
131 814
131 855
131 893
131 899
131 939
131 986
132 209
132 246
132 260
132 314
132 376
132 377
132 465
132 469
132 565
132 628
132 698
132 710
132 716
132 731
132 781
132 789
132 897
132 967
133 189
133 237
133 258
133 322
133 340
133 409
133 425
133 513
133 754
133 793
133 797
133 881
133 935
134 145
134 173
134 578
134 615
134 629
134 752
134 768
134 936
134 946
135 161
135 255
135 459
135 484
135 543
135 546
135 591
135 658
135 681
135 695
135 757
135 772
135 813
135 913
135 920
136 177
136 200
136 210
136 290
136 298
136 348
136 455
136 615
136 663
136 729
136 745
136 759
136 768
137 309
137 443
137 450
137 543
137 609
137 736
137 757
137 802
137 818
137 839
138 162
138 166
138 184
138 268
138 316
138 326
138 338
138 359
138 384
138 410
138 439
138 531
138 780
138 840
138 889
139 142
139 239
139 302
139 395
139 518
139 553
139 678
139 696
139 795
139 858
139 867
139 909
139 937
139 990
140 214
140 308
140 313
140 360
140 374
140 382
140 391
140 447
140 540
140 856
140 953
141 167
141 261
141 622
141 726
141 894
141 959
141 961
141 977
142 239
142 260
142 302
142 395
142 553
142 565
142 696
142 784
142 867
142 909
142 988
143 175
143 335
143 425
143 432
143 445
143 487
143 643
143 670
143 791
143 929
143 930
143 951
143 957
144 201
144 291
144 319
144 446
144 514
144 564
144 652
144 679
144 877
144 974
145 173
145 213
145 578
145 936
146 210
146 325
146 348
146 455
146 518
146 663
146 745
146 807
146 864
146 950
146 980
147 150
147 229
147 269
147 300
147 380
147 415
147 417
147 435
147 474
147 682
147 694
147 762
147 872
147 955
148 292
148 293
148 373
148 673
148 736
148 804
148 886
149 219
149 271
149 273
149 392
149 524
149 562
149 605
149 644
149 648
149 765
149 832
149 834
149 964
150 198
150 229
150 269
150 300
150 417
150 435
150 474
150 682
150 694
150 740
150 762
150 767
150 955
150 966
151 187
151 304
151 330
151 544
151 773
151 956
151 996
152 190
152 203
152 270
152 403
152 470
152 505
152 602
152 624
152 651
152 686
152 703
152 790
153 208
153 285
153 347
153 372
153 438
153 619
153 647
153 706
153 923
153 941
153 944
153 972
154 196
154 249
154 253
154 323
154 334
154 387
154 551
154 658
154 772
154 813
154 852
154 952
154 970
154 978
155 223
155 431
155 454
155 509
155 544
155 601
155 610
155 737
155 773
155 822
155 863
155 896
155 994
156 350
156 416
156 531
156 616
156 715
156 748
156 775
156 805
156 841
156 925
156 932
156 987
157 389
157 433
157 442
157 468
157 532
157 548
157 633
157 878
157 931
158 230
158 243
158 245
158 256
158 286
158 466
158 507
158 538
158 549
158 563
158 739
158 809
158 814
158 837
158 844
158 855
158 893
158 903
158 986
159 180
159 181
159 292
159 353
159 413
159 424
159 740
159 785
159 831
159 902
159 966
160 176
160 247
160 287
160 369
160 554
160 604
160 606
160 631
160 642
160 655
160 657
160 664
160 753
160 782
160 820
160 906
161 220
161 255
161 459
161 484
161 546
161 590
161 591
161 658
161 681
161 695
161 770
161 772
161 813
161 913
161 920
162 184
162 268
162 316
162 326
162 338
162 359
162 363
162 384
162 410
162 512
162 780
162 840
162 889
163 206
163 227
163 318
163 354
163 536
163 538
163 559
163 563
163 635
163 697
163 739
163 777
163 796
163 814
163 899
163 939
164 234
164 257
164 341
164 357
164 421
164 494
164 496
164 597
164 611
164 661
164 684
164 714
164 826
164 859
165 487
165 520
165 521
165 643
165 646
165 732
165 929
165 933
165 951
165 957
166 184
166 214
166 281
166 313
166 316
166 338
166 426
166 439
166 531
167 282
167 283
167 434
167 622
167 671
167 676
167 726
167 894
167 959
167 977
168 294
168 561
168 619
168 647
168 650
168 783
169 370
169 378
169 580
169 725
169 759
169 766
169 825
169 835
169 922
170 224
170 307
170 339
170 342
170 453
170 579
170 585
170 620
170 884
170 908
170 942
171 205
171 306
171 362
171 367
171 408
171 498
171 503
171 750
171 898
172 401
172 683
172 954
173 213
173 578
173 936
174 324
174 429
174 486
174 662
174 690
174 792
174 833
174 880
174 911
175 327
175 340
175 364
175 432
175 445
175 487
175 595
175 670
175 787
175 791
175 929
175 930
175 951
176 193
176 247
176 369
176 554
176 642
176 683
176 751
176 753
176 782
176 820
176 906
176 984
177 290
177 298
177 615
177 629
177 729
177 745
177 752
177 759
177 768
178 207
178 246
178 265
178 314
178 346
178 377
178 444
178 451
178 463
178 475
178 560
178 628
178 716
178 789
178 830
178 883
178 921
178 933
178 988
179 221
179 457
179 550
179 685
179 916
179 995
180 181
180 228
180 292
180 305
180 353
180 396
180 413
180 417
180 558
180 588
180 682
180 740
180 767
180 785
180 902
180 966
180 992
181 228
181 292
181 353
181 396
181 413
181 558
181 588
181 740
181 767
181 785
181 902
181 966
181 992
182 328
182 399
182 441
182 491
182 520
182 560
182 571
182 666
182 689
182 799
182 803
182 861
182 870
182 883
182 919
182 969
182 976
183 236
183 305
183 320
183 343
183 345
183 482
183 515
183 569
183 581
183 810
183 945
184 268
184 316
184 326
184 439
184 531
184 775
184 780
184 828
184 889
184 987
185 396
185 464
185 488
185 687
186 254
186 358
186 375
186 386
186 404
186 462
186 526
186 545
186 573
186 575
186 594
186 598
186 649
186 665
186 713
186 727
186 824
186 895
187 304
187 330
187 544
187 610
187 773
187 956
187 960
187 996
188 194
188 234
188 257
188 350
188 357
188 393
188 397
188 419
188 421
188 480
188 522
188 547
188 645
188 669
188 826
188 860
188 958
188 963
189 223
189 237
189 331
189 340
189 454
189 509
189 513
189 721
189 737
189 754
189 791
189 797
189 881
189 891
189 994
190 203
190 275
190 403
190 470
190 505
190 602
190 651
190 790
191 267
191 332
191 390
191 489
191 501
191 511
191 636
191 653
191 815
191 875
191 892
191 968
191 985
192 212
192 240
192 351
192 411
192 428
192 448
192 456
192 460
192 537
192 584
192 734
192 741
192 829
192 924
193 247
193 369
193 554
193 642
193 683
193 751
193 753
193 782
193 820
193 836
193 984
194 234
194 350
194 393
194 397
194 419
194 421
194 480
194 522
194 547
194 586
194 625
194 645
194 669
194 764
194 826
194 860
194 958
194 963
194 998
195 271
195 388
195 533
195 576
195 634
195 639
195 672
195 765
195 800
195 879
196 253
196 334
196 412
196 458
196 551
196 641
196 658
196 770
196 772
196 813
196 852
196 952
196 970
196 978
197 295
197 339
197 342
197 399
197 499
197 612
197 637
197 666
197 689
197 728
197 776
197 821
197 942
198 229
198 300
198 352
198 387
198 413
198 417
198 424
198 435
198 474
198 682
198 711
198 740
198 762
199 293
199 373
199 418
199 479
199 523
199 691
199 736
199 741
199 886
200 210
200 222
200 290
200 759
200 990
201 319
201 446
201 514
201 564
201 623
201 652
201 679
201 707
201 874
201 974
202 362
202 403
202 481
202 668
202 702
202 703
202 868
202 949
203 270
203 371
203 403
203 470
203 505
203 602
203 624
203 651
203 686
203 790
203 847
203 853
204 251
204 317
204 351
204 361
204 402
204 478
204 488
204 537
204 584
204 708
204 742
204 917
204 981
205 206
205 243
205 303
205 306
205 354
205 503
205 507
205 739
205 750
205 777
206 227
206 303
206 318
206 354
206 536
206 635
206 697
206 739
206 777
206 827
206 899
206 939
207 246
207 314
207 346
207 377
207 444
207 475
207 560
207 628
207 716
207 789
207 830
207 883
207 921
207 933
208 347
208 372
208 438
208 619
208 647
208 941
208 972
209 260
209 376
209 469
209 485
209 519
209 731
209 781
209 845
209 887
209 897
209 914
209 967
209 971
210 290
210 325
210 348
210 455
210 518
210 663
210 678
210 745
210 807
210 950
210 980
210 990
211 235
211 288
211 344
211 381
211 534
211 613
211 680
211 749
211 793
211 905
212 215
212 240
212 317
212 351
212 428
212 437
212 456
212 460
212 537
212 584
212 779
212 829
212 842
212 917
213 578
213 936
214 281
214 313
214 374
214 426
214 447
214 504
214 856
215 317
215 351
215 428
215 460
215 537
215 584
215 708
215 779
215 842
215 917
215 981
216 263
216 379
216 394
216 453
216 492
216 620
216 712
216 904
216 908
217 355
217 401
217 530
217 592
217 600
217 869
217 954
218 224
218 245
218 297
218 342
218 557
218 579
218 583
218 627
218 758
218 809
218 884
219 273
219 392
219 605
219 632
219 648
219 677
219 704
219 705
219 722
219 765
219 832
219 834
219 964
220 255
220 277
220 365
220 383
220 493
220 495
220 590
220 641
220 681
220 761
220 915
221 345
221 415
221 457
221 482
221 550
221 569
221 685
221 872
222 239
222 845
222 867
222 885
222 887
222 971
222 990
223 237
223 331
223 340
223 431
223 454
223 509
223 513
223 721
223 737
223 754
223 797
223 822
223 881
223 896
223 994
224 245
224 297
224 428
224 437
224 557
224 559
224 579
224 627
224 796
224 842
224 884
225 289
225 321
225 461
225 467
225 510
225 524
225 541
225 555
225 582
225 644
225 675
225 743
225 746
225 778
225 794
225 801
225 843
225 850
225 854
225 962
225 968
226 244
226 252
226 350
226 393
226 397
226 406
226 416
226 522
226 547
226 586
226 616
226 625
226 669
226 786
226 805
226 857
226 932
226 958
226 983
227 303
227 318
227 354
227 507
227 536
227 538
227 559
227 563
227 635
227 697
227 739
227 777
227 796
227 814
227 855
227 899
227 939
227 986
228 305
228 396
228 515
228 558
228 581
228 588
228 740
228 767
228 785
228 902
228 966
228 992
229 269
229 300
229 333
229 380
229 417
229 435
229 474
229 682
229 694
229 762
229 955
230 256
230 266
230 286
230 335
230 368
230 425
230 466
230 500
230 589
230 771
230 837
230 844
230 893
230 903
230 986
231 232
231 259
231 371
231 429
231 486
231 542
231 570
231 662
231 719
231 880
231 979
232 371
232 429
232 486
232 542
232 570
232 662
232 719
232 833
232 880
232 979
233 430
233 535
233 638
233 677
233 701
233 722
233 927
233 973
233 993
234 341
234 419
234 421
234 496
234 645
234 826
234 851
234 859
234 963
235 490
235 534
235 680
235 749
235 788
235 891
235 905
236 320
236 343
236 482
236 569
236 699
236 810
236 945
237 322
237 331
237 409
237 513
237 721
237 749
237 754
237 793
237 797
237 881
237 891
237 935
237 994
238 267
238 329
238 420
238 452
238 501
238 603
238 653
238 815
238 985
239 302
239 395
239 518
239 553
239 678
239 696
239 795
239 858
239 867
239 909
239 937
239 990
240 349
240 411
240 428
240 437
240 635
240 734
240 735
240 741
240 796
240 829
240 924
241 277
241 365
241 383
241 423
241 641
241 693
241 915
242 331
242 490
242 721
242 836
242 891
242 984
243 256
243 306
243 503
243 507
243 538
243 549
243 563
243 739
243 755
243 774
243 777
243 814
243 844
243 855
243 986
244 252
244 257
244 357
244 397
244 480
244 522
244 547
244 586
244 611
244 625
244 669
244 714
244 786
244 857
244 873
244 877
244 926
244 958
244 983
245 297
245 538
245 557
245 559
245 563
245 579
245 583
245 627
245 809
245 814
245 855
245 893
245 903
245 986
246 314
246 346
246 377
246 441
246 465
246 560
246 628
246 698
246 710
246 716
246 789
246 799
246 883
246 919
246 933
247 369
247 490
247 554
247 642
247 683
247 751
247 753
247 782
247 788
247 820
247 836
247 984
248 284
248 336
248 427
248 471
248 508
248 567
248 747
248 798
248 808
248 823
248 849
248 928
248 946
249 323
249 387
249 424
249 658
249 711
249 744
249 757
249 813
249 831
249 970
250 312
250 360
250 382
250 391
250 398
250 447
250 572
250 704
250 705
250 730
250 817
250 819
250 856
250 953
251 361
251 402
251 478
251 488
251 659
251 742
251 812
252 291
252 397
252 406
252 522
252 547
252 586
252 625
252 669
252 786
252 857
252 877
252 926
252 958
252 983
253 334
253 352
253 387
253 551
253 724
253 852
253 952
253 970
253 978
254 358
254 375
254 386
254 404
254 462
254 526
254 545
254 573
254 575
254 598
254 649
254 665
254 667
254 713
254 727
254 824
254 895
255 459
255 493
255 495
255 539
255 546
255 590
255 591
255 681
255 695
255 761
255 770
255 772
255 913
256 286
256 500
256 503
256 507
256 549
256 563
256 723
256 739
256 755
256 774
256 814
256 844
256 855
256 903
256 986
257 341
257 357
257 397
257 421
257 480
257 547
257 597
257 611
257 714
257 873
258 288
258 322
258 344
258 381
258 409
258 425
258 500
258 613
258 723
258 755
258 774
258 793
258 935
259 418
259 479
259 505
259 542
259 691
259 719
259 901
259 979
260 302
260 376
260 395
260 519
260 565
260 710
260 716
260 781
260 845
260 897
260 971
261 534
261 622
261 680
261 726
261 894
261 905
261 959
261 961
261 977
262 299
262 493
262 539
262 590
262 681
262 761
262 866
262 912
262 913
263 363
263 379
263 394
263 453
263 492
263 512
263 618
263 620
263 904
263 908
264 329
264 385
264 388
264 414
264 420
264 452
264 517
264 527
264 528
264 603
264 634
264 800
264 943
265 285
265 314
265 346
265 463
265 565
265 784
265 830
265 944
265 988
266 286
266 335
266 368
266 466
266 521
266 583
266 589
266 643
266 732
266 771
266 811
266 837
267 390
267 501
267 511
267 653
267 815
267 816
267 875
267 892
267 916
267 985
267 995
268 316
268 326
268 338
268 359
268 363
268 384
268 410
268 512
268 780
268 840
268 889
269 300
269 380
269 415
269 435
269 474
269 682
269 694
269 762
269 872
269 955
270 371
270 602
270 624
270 651
270 686
270 790
270 847
270 853
271 524
271 562
271 605
271 644
271 765
271 832
271 879
272 364
272 431
272 544
272 595
272 601
272 610
272 706
272 787
272 923
272 956
273 301
273 392
273 535
273 562
273 605
273 632
273 648
273 677
273 704
273 705
273 722
273 765
273 832
273 834
273 938
273 964
274 275
274 449
274 479
274 505
274 536
274 621
274 806
274 827
274 901
275 449
275 470
275 479
275 505
275 621
275 806
275 827
275 901
276 278
276 337
276 407
276 472
276 594
276 596
276 649
276 654
276 700
276 876
276 888
276 947
277 365
277 383
277 423
277 495
277 641
277 693
277 915
278 358
278 407
278 465
278 469
278 472
278 485
278 596
278 731
278 888
278 897
278 914
278 967
278 969
279 294
279 325
279 473
279 518
279 561
279 630
279 783
279 795
279 864
279 937
279 980
280 311
280 370
280 378
280 440
280 508
280 525
280 580
280 587
280 598
280 747
280 766
280 825
280 835
280 922
281 313
281 439
281 531
281 764
281 860
281 925
281 998
282 283
282 356
282 622
282 671
282 702
282 907
283 622
283 671
283 907
284 336
284 427
284 471
284 508
284 567
284 717
284 718
284 747
284 798
284 808
284 823
284 849
284 928
284 946
285 372
285 438
285 451
285 463
285 619
285 647
285 756
285 784
285 830
285 923
285 941
285 944
286 335
286 368
286 425
286 466
286 500
286 583
286 589
286 771
286 837
286 844
286 855
286 893
286 903
286 986
287 604
287 606
287 655
287 657
287 664
287 906
288 344
288 381
288 408
288 498
288 534
288 593
288 613
288 656
288 680
288 723
288 749
288 755
288 793
288 905
288 935
289 321
289 332
289 461
289 467
289 506
289 510
289 555
289 566
289 582
289 644
289 660
289 675
289 688
289 743
289 746
289 794
289 801
289 843
289 850
289 854
289 962
289 968
289 999
290 348
290 455
290 729
290 745
290 759
291 652
291 679
291 857
291 877
291 926
291 974
292 353
292 373
292 413
292 740
292 785
292 804
292 886
292 992
293 373
293 673
293 736
293 741
293 804
293 886
294 473
294 552
294 561
294 630
294 650
294 783
294 795
294 858
294 864
294 937
295 399
295 499
295 612
295 618
295 654
295 728
295 776
295 821
295 876
295 942
295 947
296 308
296 391
296 400
296 504
296 540
296 566
296 577
296 582
296 709
296 746
296 760
296 854
296 865
296 910
296 982
296 997
297 557
297 559
297 579
297 583
297 627
297 758
297 809
297 884
297 893
298 455
298 615
298 629
298 729
298 745
298 752
298 768
298 936
299 366
299 539
299 556
299 769
299 866
299 912
299 913
299 975
300 305
300 415
300 417
300 435
300 474
300 682
300 694
300 762
300 767
300 872
300 955
300 966
301 389
301 392
301 468
301 502
301 535
301 548
301 562
301 605
301 738
301 832
301 938
301 964
302 395
302 553
302 565
302 696
302 784
302 867
302 909
302 971
302 988
303 306
303 354
303 449
303 536
303 697
303 739
303 750
303 777
303 827
304 330
304 773
304 956
304 996
305 417
305 515
305 558
305 581
305 588
305 682
305 762
305 767
305 785
305 902
305 955
305 966
306 362
306 498
306 503
306 507
306 549
306 750
306 777
307 436
307 453
307 585
307 620
307 712
307 908
307 981
308 312
308 360
308 374
308 391
308 400
308 540
308 577
308 582
308 746
308 794
308 854
308 962
308 982
308 997
309 366
309 450
309 570
309 609
309 614
309 818
309 839
309 880
309 979
310 504
310 516
310 568
310 608
310 674
310 709
310 760
310 838
310 846
310 848
310 865
310 910
310 934
310 989
310 991
310 997
311 319
311 370
311 375
311 404
311 440
311 446
311 514
311 525
311 587
311 598
311 623
311 707
311 713
311 874
311 895
312 360
312 391
312 400
312 447
312 540
312 704
312 705
312 730
312 794
312 819
312 834
312 962
312 982
313 374
313 426
313 439
313 504
313 856
314 346
314 377
314 444
314 463
314 475
314 560
314 628
314 710
314 716
314 784
314 789
314 830
314 883
314 988
315 481
315 668
315 702
315 868
315 907
316 326
316 338
316 359
316 384
316 410
316 426
316 439
316 780
316 840
316 889
317 351
317 428
317 456
317 460
317 537
317 584
317 708
317 779
317 842
317 917
317 981
318 354
318 536
318 538
318 559
318 563
318 635
318 697
318 739
318 777
318 796
318 814
318 899
318 939
319 440
319 446
319 514
319 525
319 564
319 623
319 652
319 679
319 717
319 874
319 974
320 343
320 482
320 515
320 569
320 581
320 810
320 945
321 461
321 467
321 524
321 582
321 644
321 743
321 746
321 794
321 834
321 843
321 850
321 854
321 962
322 381
322 409
322 425
322 500
322 513
322 613
322 723
322 755
322 793
322 881
322 935
323 334
323 387
323 551
323 658
323 711
323 744
323 772
323 813
323 831
323 852
323 970
323 978
324 429
324 486
324 662
324 690
324 792
324 833
324 847
324 911
325 348
325 518
325 630
325 678
325 807
325 864
325 950
325 980
326 338
326 359
326 363
326 384
326 410
326 512
326 780
326 840
326 889
327 364
327 432
327 444
327 475
327 487
327 595
327 756
327 787
327 921
327 929
327 930
327 933
327 951
327 957
328 399
328 441
328 491
328 520
328 560
328 571
328 646
328 666
328 689
328 799
328 803
328 861
328 870
328 919
328 976
329 385
329 388
329 414
329 420
329 452
329 517
329 527
329 528
329 603
329 634
329 653
329 800
329 815
329 943
329 985
330 355
330 544
330 592
330 610
330 773
330 822
330 869
330 956
330 960
330 996
331 454
331 513
331 721
331 797
331 863
331 881
331 891
331 994
332 467
332 476
332 483
332 489
332 506
332 510
332 511
332 529
332 555
332 636
332 688
332 743
332 763
332 801
332 843
332 968
333 352
333 380
333 435
333 474
333 694
334 412
334 458
334 551
334 724
334 772
334 813
334 852
334 952
334 970
334 978
335 368
335 425
335 445
335 466
335 500
335 521
335 589
335 643
335 670
335 732
335 771
335 811
335 837
336 427
336 471
336 508
336 567
336 587
336 717
336 718
336 747
336 808
336 823
336 849
336 874
336 928
337 407
337 512
337 596
337 618
337 654
337 700
337 828
338 359
338 363
338 384
338 410
338 426
338 780
338 838
338 840
338 889
339 342
339 453
339 620
339 637
339 758
339 821
339 908
339 942
340 409
340 432
340 454
340 509
340 513
340 595
340 737
340 754
340 791
340 881
340 994
341 357
341 421
341 494
341 496
341 597
341 611
341 661
341 684
341 859
342 637
342 666
342 758
342 821
342 942
343 482
343 569
343 699
343 810
343 945
344 381
344 534
344 613
344 656
344 680
344 749
344 793
344 905
345 415
345 482
345 515
345 550
345 569
345 685
345 872
345 945
345 955
346 377
346 444
346 463
346 475
346 560
346 628
346 716
346 756
346 789
346 830
346 883
346 921
346 933
346 988
347 372
347 438
347 619
347 647
347 941
347 972
348 455
348 663
348 720
348 745
348 807
348 950
348 980
349 411
349 536
349 621
349 635
349 734
349 735
349 806
350 393
350 416
350 419
350 522
350 586
350 616
350 625
350 645
350 669
350 715
350 764
350 805
350 860
350 925
350 932
350 958
350 998
351 428
351 456
351 460
351 537
351 584
351 708
351 779
351 842
351 917
351 981
352 387
352 724
352 852
352 970
352 978
353 413
353 417
353 424
353 711
353 740
353 831
353 966
354 507
354 536
354 538
354 697
354 739
354 777
354 814
354 827
354 939
355 530
355 592
355 600
355 773
355 869
355 960
355 996
356 481
356 622
356 668
356 702
356 907
357 397
357 421
357 480
357 547
357 597
357 611
357 714
357 873
358 386
358 407
358 462
358 472
358 485
358 526
358 573
358 575
358 594
358 596
358 649
358 727
358 824
359 363
359 384
359 410
359 426
359 780
359 838
359 840
359 889
359 965
359 989
360 374
360 391
360 400
360 447
360 540
360 704
360 705
360 730
360 819
360 982
361 402
361 478
361 659
361 742
361 812
362 367
362 498
362 750
362 898
362 949
363 384
363 394
363 410
363 512
363 618
363 780
363 840
363 889
363 904
364 444
364 451
364 475
364 595
364 756
364 787
364 921
364 929
364 930
365 383
365 412
365 423
365 458
365 495
365 641
365 693
365 770
365 915
365 952
366 556
366 570
366 614
366 640
366 769
366 866
366 880
366 912
366 975
367 408
367 498
367 503
367 593
367 656
367 898
367 961
368 466
368 521
368 583
368 589
368 643
368 732
368 771
368 809
368 811
368 837
368 844
368 893
368 903
369 477
369 554
369 604
369 631
369 642
369 657
369 664
369 683
369 733
369 751
369 753
369 782
369 820
369 890
369 906
370 378
370 405
370 422
370 440
370 525
370 580
370 587
370 598
370 725
370 727
370 766
370 824
370 825
370 835
370 918
370 922
371 429
371 542
371 662
371 719
371 790
371 979
372 438
372 619
372 647
372 706
372 923
372 941
372 972
373 523
373 673
373 736
373 804
373 886
374 382
374 391
374 447
374 540
374 856
374 953
375 404
375 406
375 525
375 526
375 545
375 575
375 598
375 623
375 665
375 667
375 707
375 713
375 824
375 895
376 469
376 485
376 519
376 731
376 781
376 845
376 887
376 897
376 914
376 967
376 971
377 444
377 475
377 560
377 628
377 698
377 710
377 716
377 789
377 799
377 830
377 883
377 933
378 422
378 580
378 587
378 725
378 747
378 766
378 825
378 835
378 918
378 922
379 394
379 453
379 492
379 620
379 712
379 904
379 908
379 965
379 989
380 415
380 694
381 408
381 409
381 498
381 503
381 549
381 613
381 723
381 755
381 774
381 793
381 935
382 398
382 447
382 572
382 817
382 819
382 851
382 856
382 953
383 493
383 495
383 641
383 761
383 915
384 410
384 512
384 780
384 840
384 889
384 904
385 388
385 414
385 420
385 452
385 527
385 528
385 603
385 800
385 943
386 404
386 405
386 422
386 485
386 526
386 573
386 598
386 649
386 713
386 727
386 824
386 895
387 424
387 474
387 711
387 724
387 852
387 970
387 978
388 414
388 420
388 452
388 517
388 527
388 528
388 576
388 603
388 634
388 672
388 800
388 879
388 943
389 433
389 442
389 468
389 502
389 532
389 548
389 599
389 633
389 701
389 738
389 878
389 882
389 931
389 993
390 501
390 511
390 636
390 653
390 816
390 875
390 892
390 916
390 995
391 400
391 447
391 540
391 577
391 962
391 982
392 430
392 535
392 562
392 605
392 632
392 648
392 677
392 704
392 705
392 722
392 832
392 834
392 938
392 964
392 973
393 397
393 416
393 419
393 522
393 547
393 586
393 616
393 625
393 645
393 669
393 715
393 786
393 805
393 860
393 925
393 932
393 958
393 983
393 998
394 453
394 492
394 620
394 712
394 904
394 908
394 965
394 989
395 553
395 565
395 696
395 784
395 867
395 909
395 988
396 448
396 464
396 558
396 588
396 687
396 785
396 902
396 992
397 480
397 522
397 547
397 586
397 625
397 669
397 714
397 786
397 857
397 873
397 926
397 958
397 983
398 496
398 572
398 684
398 817
398 819
398 859
398 953
399 441
399 491
399 571
399 612
399 654
399 666
399 689
399 728
399 776
399 803
399 861
399 870
399 876
399 888
399 919
399 947
399 969
399 976
400 540
400 577
400 582
400 746
400 794
400 854
400 962
400 982
401 530
401 600
401 683
401 954
402 478
402 488
402 537
402 708
402 742
402 812
402 917
403 470
403 505
403 602
403 651
403 686
403 703
403 790
403 949
404 422
404 525
404 526
404 545
404 573
404 598
404 623
404 665
404 667
404 707
404 713
404 727
404 824
404 895
405 422
405 519
405 526
405 573
405 598
405 725
405 727
405 824
405 825
405 885
405 887
405 918
406 416
406 545
406 616
406 623
406 665
406 667
406 707
406 748
406 786
406 805
406 983
407 462
407 472
407 485
407 594
407 596
407 649
407 654
407 700
407 888
408 498
408 503
408 593
408 613
408 656
408 774
408 898
409 425
409 500
409 513
409 613
409 723
409 755
409 793
409 881
409 935
410 426
410 780
410 840
410 889
410 965
411 621
411 635
411 734
411 735
411 741
411 829
411 924
412 423
412 458
412 551
412 641
412 693
412 770
412 772
412 952
413 417
413 424
413 558
413 682
413 740
413 762
413 767
413 785
413 831
413 902
413 966
414 420
414 452
414 517
414 527
414 528
414 603
414 634
414 800
414 879
414 943
414 985
415 550
415 569
415 682
415 685
415 872
415 955
416 522
416 586
416 616
416 625
416 665
416 667
416 669
416 715
416 748
416 786
416 805
416 841
416 932
416 958
416 983
417 424
417 435
417 474
417 558
417 682
417 740
417 762
417 767
417 902
417 955
417 966
418 450
418 479
418 523
418 542
418 570
418 691
418 719
418 818
418 901
418 979
419 645
419 764
419 826
419 851
419 860
419 925
419 953
419 963
419 998
420 452
420 517
420 527
420 528
420 603
420 634
420 653
420 800
420 815
420 943
420 985
421 480
421 547
421 597
421 611
421 661
421 714
422 526
422 573
422 580
422 598
422 725
422 727
422 766
422 824
422 825
422 887
422 895
422 918
423 458
423 641
423 693
423 770
423 915
423 952
424 474
424 711
424 740
424 744
424 831
425 445
425 500
425 670
425 723
425 755
425 837
425 844
425 935
426 504
426 709
426 760
426 838
426 840
427 471
427 508
427 567
427 587
427 718
427 747
427 808
427 823
427 849
427 922
427 928
427 946
428 437
428 460
428 584
428 635
428 779
428 796
428 829
428 842
428 884
429 486
429 542
429 570
429 614
429 662
429 690
429 719
429 792
429 833
429 880
429 911
429 979
430 535
430 632
430 638
430 648
430 677
430 704
430 705
430 722
430 730
430 817
430 927
430 973
431 454
431 509
431 544
431 595
431 601
431 610
431 737
431 754
431 787
431 822
431 896
431 994
432 445
432 487
432 595
432 670
432 791
432 929
432 930
432 951
433 468
433 502
433 532
433 548
433 633
433 701
433 738
433 878
433 931
433 993
434 574
434 606
434 676
434 726
434 894
434 900
435 474
435 682
435 694
435 762
435 767
435 955
435 966
436 453
436 585
436 620
436 708
436 712
436 981
437 460
437 559
437 579
437 635
437 779
437 796
437 842
437 884
437 899
437 939
438 706
438 923
438 941
438 944
438 972
439 531
439 715
439 764
439 780
439 860
439 925
439 998
440 446
440 508
440 514
440 525
440 587
440 747
440 823
440 874
440 922
441 465
441 491
441 560
441 571
441 628
441 689
441 698
441 710
441 731
441 799
441 803
441 861
441 870
441 883
441 888
441 919
441 969
441 976
442 468
442 532
442 548
442 599
442 633
442 878
442 931
443 484
443 543
443 695
443 744
443 757
443 802
443 839
443 920
444 451
444 463
444 475
444 628
444 756
444 830
444 921
444 933
445 487
445 670
445 791
445 929
445 930
445 951
445 957
446 514
446 525
446 623
446 652
446 679
446 707
446 874
447 572
447 730
447 819
447 851
447 856
447 953
448 456
448 464
448 537
448 584
448 673
448 687
448 741
448 829
448 924
448 992
449 470
449 505
449 621
449 806
449 827
449 901
450 523
450 570
450 609
450 691
450 736
450 802
450 818
450 839
450 979
451 463
451 475
451 756
451 830
451 921
451 923
451 941
451 944
452 501
452 517
452 527
452 528
452 603
452 634
452 653
452 800
452 815
452 943
452 985
453 492
453 585
453 620
453 712
453 908
453 942
454 509
454 513
454 601
454 737
454 754
454 791
454 797
454 822
454 881
454 896
454 994
455 663
455 720
455 729
455 745
455 807
455 950
456 460
456 464
456 488
456 537
456 584
456 829
456 917
456 924
457 482
457 550
457 569
457 685
457 816
457 916
457 995
458 551
458 641
458 693
458 770
458 772
458 952
459 484
459 539
459 543
459 546
459 590
459 591
459 640
459 681
459 695
459 912
459 913
459 920
459 975
460 537
460 584
460 708
460 779
460 842
460 917
460 981
461 524
461 541
461 644
461 743
461 778
461 968
462 526
462 575
462 594
462 649
462 700
462 775
462 828
462 841
462 987
463 475
463 756
463 784
463 830
463 941
463 944
463 988
464 488
464 673
464 687
464 924
464 992
465 469
465 491
465 560
465 571
465 698
465 710
465 716
465 731
465 789
465 799
465 888
465 897
465 914
465 919
465 967
465 969
466 500
466 521
466 583
466 589
466 771
466 811
466 837
466 844
466 893
466 903
467 483
467 506
467 510
467 555
467 566
467 577
467 582
467 660
467 675
467 688
467 743
467 746
467 794
467 801
467 843
467 850
467 854
467 962
467 968
467 999
468 502
468 532
468 548
468 599
468 633
468 738
468 878
468 882
468 931
469 472
469 485
469 519
469 698
469 710
469 731
469 781
469 897
469 914
469 967
470 505
470 602
470 651
470 790
471 508
471 567
471 747
471 798
471 808
471 823
471 849
471 928
471 946
472 485
472 596
472 649
472 654
472 888
472 914
472 947
472 967
473 518
473 552
473 561
473 630
473 650
473 783
473 795
473 858
473 864
473 937
474 682
474 694
474 762
474 767
474 955
475 756
475 830
475 921
475 929
475 933
476 483
476 506
476 510
476 529
476 555
476 617
476 626
476 660
476 675
476 688
476 692
476 763
476 801
476 948
476 999
477 631
477 733
477 871
477 890
478 488
478 708
478 742
478 812
478 917
478 981
479 523
479 621
479 691
479 806
479 901
480 547
480 586
480 597
480 611
480 625
480 669
480 714
480 873
481 607
481 668
481 702
481 703
481 868
481 907
481 949
482 550
482 569
482 685
482 816
482 916
482 945
482 995
483 506
483 510
483 555
483 566
483 617
483 626
483 660
483 675
483 688
483 692
483 746
483 801
483 843
483 850
483 865
483 948
483 999
484 543
484 546
484 591
484 640
484 658
484 681
484 695
484 757
484 802
484 913
484 920
484 975
485 519
485 573
485 596
485 731
485 781
485 897
485 914
485 967
486 556
486 614
486 662
486 690
486 769
486 792
486 833
486 880
486 911
487 643
487 646
487 670
487 732
487 929
487 930
487 933
487 951
487 957
488 537
488 584
488 687
488 742
488 917
489 506
489 510
489 511
489 529
489 636
489 763
489 875
489 892
489 968
490 788
490 820
490 836
490 984
491 571
491 654
491 689
491 698
491 799
491 803
491 861
491 870
491 876
491 888
491 919
491 947
491 969
491 976
492 618
492 620
492 821
492 904
492 908
492 942
493 495
493 539
493 590
493 681
493 761
494 496
494 497
494 661
494 684
494 859
495 590
495 761
495 915
496 661
496 684
496 826
496 859
497 684
497 859
498 503
498 593
498 656
498 774
498 898
499 512
499 612
499 618
499 654
499 728
499 776
499 821
499 876
499 904
499 947
500 670
500 723
500 755
500 837
500 844
500 903
501 653
501 815
501 892
501 985
502 548
502 599
502 738
502 878
502 882
502 938
502 964
503 549
503 613
503 656
503 723
503 755
503 774
503 898
504 516
504 709
504 760
504 838
504 848
504 910
504 997
505 602
505 651
505 790
505 901
506 510
506 529
506 555
506 626
506 636
506 660
506 675
506 688
506 692
506 743
506 763
506 801
506 843
506 850
506 948
506 968
506 999
507 538
507 549
507 563
507 739
507 774
507 777
507 814
507 844
507 855
507 893
507 903
507 986
508 567
508 587
508 717
508 718
508 747
508 808
508 823
508 849
508 874
508 922
509 513
509 595
509 601
509 737
509 754
509 787
509 791
509 896
509 994
510 529
510 555
510 626
510 636
510 660
510 675
510 688
510 743
510 763
510 801
510 843
510 850
510 968
510 999
511 529
511 636
511 763
511 875
511 892
512 612
512 618
512 889
512 904
513 721
513 737
513 754
513 791
513 793
513 797
513 881
513 935
513 994
514 525
514 564
514 587
514 652
514 679
514 717
514 874
514 974
515 558
515 581
515 588
515 767
515 902
515 945
515 955
516 568
516 608
516 674
516 709
516 760
516 838
516 846
516 848
516 865
516 910
516 934
516 991
516 997
517 527
517 528
517 541
517 634
517 653
517 778
517 815
517 892
517 985
518 553
518 630
518 678
518 795
518 858
518 864
518 867
518 937
518 950
518 980
518 990
519 781
519 845
519 885
519 887
519 897
519 914
519 967
519 971
520 560
520 643
520 646
520 666
520 689
520 732
520 799
520 803
520 861
520 870
520 883
520 919
520 933
520 957
520 976
521 583
521 589
521 643
521 732
521 771
521 811
521 837
522 547
522 586
522 616
522 625
522 669
522 786
522 805
522 857
522 932
522 958
522 983
523 609
523 691
523 736
523 818
524 541
524 644
524 743
524 765
524 778
525 587
525 598
525 623
525 707
525 713
525 874
525 895
526 545
526 573
526 598
526 713
526 727
526 824
526 895
527 528
527 603
527 634
527 653
527 800
527 815
527 943
527 985
528 541
528 603
528 634
528 653
528 778
528 800
528 815
528 892
528 943
528 985
529 636
529 688
529 699
529 763
529 862
529 948
530 592
530 600
530 869
530 954
531 715
531 764
531 780
531 860
531 925
531 932
531 998
532 548
532 633
532 701
532 738
532 878
532 931
532 993
533 576
533 639
533 672
533 879
533 882
533 940
534 680
534 749
534 793
534 905
534 959
534 961
535 605
535 632
535 638
535 648
535 677
535 722
535 832
535 927
535 938
535 964
535 973
536 621
536 635
536 697
536 735
536 777
536 806
536 827
536 899
536 939
537 584
537 708
537 779
537 917
538 559
538 563
538 697
538 739
538 777
538 809
538 814
538 855
538 893
538 903
538 939
538 986
539 546
539 590
539 681
539 761
539 866
539 912
539 913
539 975
540 577
540 582
540 746
540 962
540 982
540 997
541 634
541 644
541 743
541 778
541 815
541 892
541 968
541 985
542 570
542 719
542 880
542 901
542 979
543 546
543 591
543 640
543 695
543 757
543 802
543 839
543 913
543 920
543 975
544 601
544 610
544 706
544 773
544 923
544 956
545 575
545 623
545 665
545 667
545 707
545 713
545 895
546 590
546 591
546 640
546 681
546 695
546 912
546 913
546 920
546 975
547 586
547 611
547 625
547 669
547 714
547 786
547 857
547 873
547 926
547 958
547 983
548 599
548 633
548 701
548 738
548 878
548 931
548 993
549 563
549 723
549 739
549 755
549 774
549 844
549 855
549 986
550 569
550 685
550 872
550 916
551 724
551 770
551 772
551 813
551 852
551 952
551 970
551 978
552 553
552 561
552 619
552 630
552 647
552 650
552 696
552 783
552 784
552 795
552 858
552 909
552 937
553 678
553 696
553 795
553 858
553 867
553 909
553 937
553 990
554 642
554 751
554 753
554 782
554 820
554 906
555 566
555 582
555 626
555 660
555 675
555 688
555 692
555 743
555 746
555 801
555 843
555 850
555 854
555 999
556 614
556 769
556 866
556 912
556 975
557 559
557 579
557 583
557 627
557 758
557 809
557 893
558 581
558 588
558 682
558 740
558 762
558 767
558 785
558 902
558 955
558 966
559 563
559 579
559 627
559 635
559 697
559 796
559 809
559 814
559 899
559 939
560 571
560 628
560 646
560 698
560 710
560 716
560 789
560 799
560 803
560 870
560 883
560 919
560 933
560 976
561 630
561 650
561 783
561 864
561 937
562 605
562 765
562 832
562 938
562 964
563 739
563 777
563 809
563 814
563 844
563 855
563 893
563 903
563 986
564 652
564 679
564 717
564 874
564 974
565 696
565 784
565 909
565 988
566 577
566 582
566 626
566 660
566 675
566 688
566 692
566 746
566 760
566 801
566 843
566 848
566 850
566 854
566 865
566 910
566 997
566 999
567 747
567 798
567 808
567 823
567 849
567 928
567 946
568 608
568 617
568 674
568 712
568 846
568 934
568 989
568 991
569 685
569 872
569 945
570 609
570 614
570 719
570 818
570 880
570 979
571 654
571 689
571 698
571 731
571 799
571 803
571 861
571 870
571 876
571 888
571 919
571 947
571 969
571 976
572 730
572 817
572 819
572 851
572 856
572 953
572 963
573 598
573 713
573 727
573 824
573 895
574 606
574 676
574 726
574 894
574 900
575 594
575 649
575 665
575 667
575 700
575 713
575 748
575 775
575 828
575 841
575 987
576 639
576 672
576 800
576 879
576 940
577 582
577 660
577 675
577 746
577 760
577 794
577 843
577 850
577 854
577 865
577 910
577 962
577 982
577 997
577 999
578 629
578 752
578 936
579 627
579 758
579 809
579 884
580 725
580 766
580 825
580 835
580 918
580 922
581 588
581 767
581 785
581 902
581 945
582 660
582 675
582 743
582 746
582 794
582 801
582 843
582 850
582 854
582 962
582 982
582 999
583 589
583 758
583 771
583 809
583 811
583 837
583 893
583 903
584 708
584 779
584 829
584 842
584 917
584 924
585 620
585 842
585 884
585 908
585 981
586 616
586 625
586 669
586 786
586 805
586 857
586 932
586 958
586 983
587 747
587 808
587 823
587 874
587 922
588 740
588 767
588 785
588 902
588 966
588 992
589 643
589 732
589 771
589 809
589 811
589 837
589 893
589 903
590 591
590 681
590 761
590 912
590 913
591 658
591 681
591 695
591 770
591 772
591 813
591 913
591 920
592 600
592 869
592 954
592 960
592 996
593 656
593 898
593 961
594 649
594 700
594 775
594 828
594 841
594 987
595 737
595 754
595 787
595 791
595 930
595 951
596 649
596 654
596 700
596 888
597 611
597 661
597 714
597 873
598 713
598 725
598 727
598 824
598 895
598 918
599 639
599 738
599 882
599 940
600 863
600 869
600 954
600 960
601 610
601 737
601 773
601 787
601 822
601 896
601 956
602 624
602 651
602 686
602 790
603 800
603 943
604 606
604 631
604 655
604 657
604 664
604 906
605 648
605 722
605 765
605 832
605 834
605 938
605 964
606 642
606 655
606 900
607 624
607 668
607 686
607 703
607 847
607 853
607 868
608 674
608 712
608 838
608 846
608 848
608 934
608 965
608 989
608 991
609 736
609 802
609 818
609 839
610 706
610 773
610 822
610 896
610 923
610 956
611 714
611 873
612 618
612 654
612 728
612 776
612 821
612 876
612 888
612 947
613 723
613 755
613 774
613 793
613 935
614 640
614 769
614 833
614 866
614 880
614 975
615 629
615 729
615 752
615 759
615 768
615 946
616 625
616 665
616 667
616 669
616 715
616 748
616 786
616 805
616 841
616 932
616 958
616 983
617 626
617 659
617 692
617 812
617 948
617 991
618 728
618 776
618 904
619 647
619 941
619 944
620 712
620 908
620 942
621 734
621 735
621 806
621 827
622 671
622 676
622 726
622 894
622 959
622 977
623 665
623 667
623 707
623 713
624 686
624 790
624 847
624 853
625 669
625 786
625 805
625 857
625 873
625 932
625 958
625 983
626 660
626 675
626 688
626 692
626 763
626 801
626 865
626 948
626 991
626 999
627 758
627 809
627 884
628 698
628 710
628 716
628 789
628 799
628 830
628 883
628 919
628 933
629 729
629 752
629 768
629 936
630 650
630 678
630 783
630 795
630 858
630 864
630 937
631 655
631 657
631 664
631 733
631 782
631 871
631 890
631 906
632 638
632 648
632 677
632 704
632 705
632 722
632 730
632 817
632 927
632 973
633 738
633 878
633 931
634 778
634 800
634 879
634 943
634 985
635 697
635 734
635 735
635 796
635 899
635 939
636 815
636 875
636 892
636 968
637 666
637 728
637 758
637 776
637 821
637 942
638 648
638 677
638 722
638 927
638 973
639 672
639 879
639 882
639 940
640 695
640 839
640 866
640 912
640 913
640 920
640 975
641 693
641 770
641 915
641 952
642 751
642 753
642 782
642 788
642 820
642 906
643 646
643 670
643 732
643 771
643 811
643 929
643 957
644 743
644 778
644 794
644 968
645 764
645 826
645 851
645 860
645 953
645 963
645 998
646 732
646 799
646 803
646 883
646 929
646 933
646 951
646 957
647 941
647 944
648 677
648 704
648 705
648 722
648 832
648 834
648 927
648 964
648 973
649 700
649 828
650 783
650 795
650 858
650 909
650 937
651 686
651 790
652 679
652 877
652 974
653 815
653 892
653 985
654 728
654 876
654 888
654 947
654 969
655 657
655 664
655 906
656 898
656 961
657 664
657 733
657 871
657 906
658 695
658 744
658 757
658 770
658 772
658 813
659 742
659 812
659 862
659 948
660 675
660 688
660 692
660 743
660 746
660 801
660 843
660 850
660 854
660 865
660 999
661 684
661 859
662 690
662 792
662 833
662 847
662 911
663 720
663 745
663 807
663 950
663 980
664 733
664 782
664 871
664 906
665 667
665 707
665 713
665 748
665 841
665 895
666 689
666 758
666 811
666 861
666 976
667 707
667 713
667 748
667 895
668 702
668 703
668 868
668 907
668 949
669 786
669 805
669 857
669 932
669 958
669 983
670 732
670 929
670 930
670 951
670 957
671 676
671 726
671 977
672 800
672 879
672 940
672 943
673 741
673 886
673 924
673 992
674 712
674 838
674 846
674 848
674 910
674 934
674 965
674 989
674 991
675 688
675 692
675 743
675 746
675 801
675 843
675 850
675 854
675 865
675 997
675 999
676 726
676 894
676 900
677 704
677 705
677 722
677 730
677 817
677 927
677 973
678 696
678 795
678 858
678 867
678 909
678 937
678 950
678 990
679 874
679 877
679 974
680 749
680 793
680 905
681 695
681 761
681 912
681 913
681 920
681 975
682 740
682 762
682 767
682 872
682 902
682 955
682 966
683 751
683 753
684 859
685 872
685 916
686 703
686 790
686 847
686 853
686 868
687 992
688 692
688 743
688 763
688 801
688 843
688 850
688 948
688 999
689 799
689 803
689 861
689 870
689 919
689 976
690 792
690 833
690 847
690 911
691 736
691 901
691 979
692 801
692 865
692 910
692 948
692 991
692 999
693 770
693 915
693 952
695 757
695 813
695 913
695 920
696 795
696 858
696 867
696 909
696 937
696 990
697 739
697 777
697 814
697 827
697 899
697 939
698 710
698 716
698 731
698 789
698 799
698 883
698 897
698 914
698 919
698 967
698 969
699 763
699 810
699 862
699 948
700 775
700 828
700 841
700 987
701 738
701 878
701 993
702 868
702 907
703 868
703 949
704 705
704 722
704 730
704 817
704 834
704 927
704 973
705 722
705 730
705 817
705 834
706 923
706 941
706 956
706 972
707 713
708 779
708 842
708 917
708 981
709 760
709 838
709 848
709 865
709 910
709 997
710 716
710 731
710 789
710 883
710 897
710 967
711 744
711 831
711 970
712 965
712 989
713 727
713 824
713 895
714 873
715 748
715 805
715 841
715 860
715 925
715 932
715 998
716 731
716 789
716 883
717 718
717 823
717 849
717 874
718 823
718 849
718 928
719 880
719 901
719 979
720 745
720 807
721 797
721 836
721 881
721 891
721 994
722 730
722 927
722 973
723 755
723 774
723 844
723 935
724 852
724 970
724 978
725 766
725 824
725 825
725 835
725 885
725 887
725 918
726 894
726 900
726 959
726 977
727 824
727 895
728 776
728 821
728 876
728 942
728 947
729 745
729 759
729 768
730 817
730 819
731 781
731 897
731 914
731 967
731 969
732 771
732 811
732 957
733 871
733 890
733 906
734 735
734 741
734 829
734 924
735 796
735 829
735 899
735 939
736 804
736 818
736 886
737 754
737 787
737 791
737 896
737 994
738 878
738 938
738 964
738 993
739 777
739 814
739 855
739 893
739 986
740 762
740 767
740 785
740 902
740 966
741 829
741 886
741 924
742 812
743 746
743 778
743 794
743 801
743 843
743 850
743 854
743 968
744 757
744 813
744 831
745 807
745 950
746 794
746 801
746 843
746 850
746 854
746 865
746 962
746 982
746 997
746 999
747 808
747 823
747 835
747 849
747 922
748 775
748 805
748 841
748 932
748 987
749 793
749 891
749 905
751 753
751 782
751 820
751 836
751 984
752 768
752 946
753 782
753 820
753 906
754 791
754 797
754 881
754 994
755 774
755 844
755 935
756 830
756 921
756 944
757 802
757 839
757 920
758 809
758 811
758 942
759 768
759 835
760 838
760 846
760 848
760 865
760 910
760 991
760 997
761 913
762 767
762 902
762 955
762 966
763 862
763 948
764 826
764 851
764 860
764 925
764 963
764 998
765 832
765 879
765 938
765 964
766 825
766 835
766 918
766 922
767 785
767 902
767 955
767 966
769 866
769 912
769 975
770 772
770 813
770 952
771 811
771 837
771 893
771 903
772 813
772 952
773 822
773 869
773 956
773 960
773 996
774 844
775 780
775 828
775 841
775 987
776 821
776 876
776 942
776 947
777 814
777 827
777 855
777 939
777 986
778 968
778 985
779 842
779 917
779 981
780 889
780 987
781 845
781 887
781 897
781 914
781 967
781 971
782 820
782 906
783 864
783 937
784 830
784 944
784 988
785 902
785 966
785 992
786 805
786 857
786 873
786 877
786 926
786 958
786 983
787 791
787 930
788 820
789 799
789 883
790 853
791 930
791 994
792 833
792 911
793 797
793 881
793 891
793 935
794 834
794 843
794 850
794 854
794 962
794 982
795 858
795 864
795 867
795 909
795 937
795 990
796 884
796 899
796 939
797 881
797 891
797 994
798 849
798 928
798 946
799 803
799 861
799 870
799 883
799 919
799 933
799 969
799 976
800 879
800 943
801 843
801 850
801 854
801 968
801 999
802 818
802 839
803 861
803 870
803 883
803 919
803 969
803 976
804 886
805 932
805 958
805 983
806 827
806 901
807 950
807 980
808 823
808 849
808 922
808 946
809 811
809 814
809 855
809 893
809 903
809 986
810 862
810 945
811 837
812 948
813 970
813 978
814 855
814 893
814 903
814 939
814 986
815 892
815 985
816 875
816 916
816 995
817 819
818 839
818 979
819 851
819 856
819 953
820 906
821 908
821 942
822 863
822 869
822 896
822 960
823 849
823 874
823 922
824 895
825 835
825 885
825 918
825 922
826 851
826 953
826 963
828 841
828 987
829 924
830 921
830 944
830 988
832 834
832 938
832 964
833 880
833 911
834 962
835 922
836 891
836 984
837 844
837 893
837 903
838 840
838 846
838 848
838 910
838 934
838 965
838 989
840 889
840 965
840 989
841 987
842 884
842 917
842 981
843 850
843 854
843 962
843 968
843 999
844 855
844 893
844 903
844 986
845 885
845 887
845 918
845 971
846 848
846 865
846 910
846 934
846 965
846 989
846 991
846 997
847 853
848 865
848 910
848 934
848 991
848 997
849 928
849 946
850 854
850 865
850 962
850 999
851 856
851 953
851 963
852 970
852 978
854 962
854 982
854 999
855 893
855 903
855 986
856 953
857 873
857 877
857 926
857 958
857 983
858 864
858 867
858 909
858 937
858 990
860 925
860 932
860 963
860 998
861 870
861 919
861 976
862 948
863 869
863 896
864 937
864 980
865 910
865 991
865 997
865 999
866 912
866 913
866 920
866 975
867 909
867 937
867 990
869 954
869 960
869 996
870 883
870 919
870 969
870 976
871 890
872 955
873 877
873 926
875 916
875 995
876 888
876 947
876 969
877 926
877 974
877 983
878 931
878 993
879 943
880 911
880 979
881 891
881 935
881 994
882 940
883 919
883 933
883 976
885 887
885 918
885 971
886 992
887 918
887 971
888 947
888 969
892 968
892 985
893 903
893 986
894 900
894 959
894 977
896 994
897 914
897 967
899 939
901 979
902 966
903 986
904 908
905 959
905 961
908 942
909 937
909 990
910 934
910 991
910 997
910 999
912 913
912 920
912 975
913 920
913 975
914 967
916 995
917 981
919 969
919 976
920 975
921 929
921 930
923 941
923 944
923 956
923 972
925 932
925 998
926 983
927 973
928 946
929 930
929 933
929 951
929 957
930 951
930 957
932 958
932 998
933 957
934 965
934 989
934 991
938 964
941 944
941 972
947 969
950 980
951 957
952 978
953 963
955 966
956 972
958 983
959 961
959 977
960 996
961 977
962 982
965 989
969 976
970 978
997 999
