0 112
0 158
0 406
0 427
0 532
0 552
0 558
0 647
0 656
0 702
0 722
0 744
0 821
0 859
0 889
0 912
0 969
0 987
1 11
1 23
1 86
1 135
1 275
1 345
1 437
1 537
1 609
1 717
1 748
1 754
1 769
1 806
1 810
1 811
1 883
1 896
1 980
2 38
2 88
2 90
2 93
2 99
2 135
2 173
2 220
2 267
2 269
2 271
2 285
2 325
2 397
2 402
2 424
2 503
2 522
2 555
2 640
2 657
2 786
2 794
2 806
2 835
2 890
2 907
2 932
2 938
2 943
3 54
3 138
3 163
3 174
3 225
3 231
3 304
3 367
3 373
3 378
3 495
3 500
3 501
3 596
3 611
3 644
3 670
3 679
3 707
3 718
3 730
3 747
3 804
3 868
3 879
3 885
3 902
3 913
3 931
3 933
3 939
3 976
4 101
4 117
4 197
4 219
4 236
4 277
4 297
4 330
4 374
4 389
4 395
4 546
4 576
4 604
4 633
4 700
4 715
4 726
4 783
4 904
4 942
5 78
5 129
5 160
5 289
5 310
5 506
5 521
5 539
5 608
5 624
5 695
5 716
5 737
5 749
5 836
5 929
6 16
6 159
6 162
6 241
6 265
6 340
6 347
6 349
6 369
6 434
6 444
6 487
6 563
6 571
6 760
6 873
6 906
6 966
7 33
7 45
7 95
7 127
7 150
7 170
7 182
7 218
7 337
7 357
7 375
7 414
7 433
7 438
7 484
7 502
7 526
7 531
7 613
7 636
7 638
7 672
7 699
7 712
7 745
7 767
7 900
7 927
7 934
8 97
8 117
8 134
8 190
8 204
8 205
8 240
8 277
8 401
8 547
8 560
8 674
8 683
8 700
8 713
8 715
8 726
8 783
8 797
8 827
8 860
8 886
8 914
9 17
9 20
9 31
9 34
9 90
9 175
9 179
9 200
9 295
9 306
9 457
9 466
9 617
9 625
9 835
9 837
9 856
9 884
9 905
9 938
9 953
10 27
10 122
10 165
10 238
10 250
10 257
10 266
10 279
10 309
10 370
10 388
10 461
10 490
10 564
10 568
10 593
10 602
10 648
10 723
10 729
10 778
10 790
10 791
10 833
10 895
10 949
10 989
10 995
11 86
11 107
11 148
11 178
11 216
11 275
11 287
11 384
11 391
11 410
11 511
11 610
11 708
11 717
11 754
11 811
11 880
11 883
11 896
11 923
11 980
12 30
12 31
12 43
12 55
12 70
12 124
12 260
12 306
12 323
12 379
12 538
12 550
12 635
12 653
12 690
12 710
12 719
12 773
12 808
12 829
12 871
12 874
12 881
12 953
12 957
13 119
13 207
13 246
13 251
13 281
13 346
13 354
13 356
13 965
13 983
14 111
14 167
14 188
14 245
14 299
14 321
14 450
14 462
14 474
14 573
14 643
14 645
14 664
14 733
14 792
14 795
14 825
14 864
14 948
14 956
14 960
15 81
15 96
15 136
15 177
15 180
15 195
15 300
15 386
15 394
15 488
15 529
15 592
15 693
15 740
15 784
16 81
16 96
16 159
16 162
16 177
16 195
16 241
16 265
16 276
16 340
16 347
16 412
16 434
16 487
16 529
16 563
16 693
16 740
16 784
16 873
16 906
16 966
17 31
17 38
17 43
17 90
17 124
17 200
17 220
17 260
17 271
17 295
17 306
17 402
17 457
17 538
17 640
17 719
17 761
17 808
17 835
17 890
17 938
17 953
18 103
18 202
18 294
18 304
18 372
18 420
18 456
18 460
18 471
18 509
18 551
18 589
18 632
18 771
18 799
18 804
18 849
18 909
18 941
18 962
19 20
19 34
19 131
19 175
19 179
19 181
19 253
19 298
19 313
19 324
19 396
19 457
19 513
19 518
19 520
19 553
19 616
19 617
19 625
19 637
19 641
19 659
19 724
19 789
19 798
19 800
19 809
19 837
19 856
19 884
19 887
19 905
19 910
19 935
19 990
20 34
20 90
20 131
20 175
20 179
20 200
20 253
20 306
20 313
20 364
20 396
20 457
20 466
20 482
20 518
20 520
20 617
20 625
20 637
20 809
20 837
20 856
20 884
20 905
20 935
21 120
21 154
21 210
21 315
21 342
21 366
21 376
21 404
21 411
21 569
21 574
21 599
21 676
21 728
21 757
21 815
21 819
21 875
21 897
21 917
22 66
22 74
22 76
22 94
22 98
22 273
22 278
22 286
22 288
22 303
22 316
22 318
22 381
22 387
22 406
22 429
22 473
22 491
22 562
22 575
22 606
22 711
22 722
22 744
22 826
22 831
22 845
22 853
22 857
22 859
22 870
22 912
22 919
22 963
22 967
22 969
22 970
23 86
23 135
23 275
23 345
23 437
23 519
23 537
23 542
23 572
23 587
23 609
23 615
23 717
23 748
23 754
23 769
23 806
23 810
23 811
23 862
23 896
23 980
24 44
24 51
24 98
24 106
24 110
24 120
24 133
24 142
24 169
24 201
24 227
24 278
24 303
24 358
24 359
24 387
24 413
24 447
24 496
24 516
24 523
24 524
24 543
24 569
24 743
24 826
24 844
24 845
24 852
24 908
24 920
24 925
24 963
25 197
25 374
25 472
25 507
25 514
25 528
25 546
25 584
25 633
25 734
25 736
25 753
25 867
25 904
25 928
25 942
25 971
25 979
26 39
26 47
26 69
26 71
26 80
26 102
26 139
26 172
26 274
26 305
26 307
26 361
26 385
26 432
26 505
26 594
26 618
26 733
26 768
26 825
26 918
26 944
27 32
27 257
27 264
27 279
27 301
27 309
27 370
27 461
27 490
27 564
27 568
27 593
27 602
27 698
27 709
27 723
27 729
27 778
27 790
27 833
27 949
27 989
28 36
28 210
28 342
28 363
28 366
28 376
28 404
28 549
28 582
28 598
28 671
28 728
28 757
28 819
28 875
28 897
28 981
28 998
29 30
29 46
29 122
29 165
29 166
29 168
29 237
29 348
29 370
29 379
29 407
29 497
29 554
29 593
29 602
29 648
29 710
29 723
29 735
29 829
29 957
29 995
30 46
30 55
30 72
30 122
30 165
30 166
30 168
30 237
30 348
30 379
30 407
30 497
30 544
30 554
30 648
30 653
30 710
30 735
30 829
30 871
30 957
30 995
31 43
31 55
31 70
31 124
31 200
31 260
31 295
31 306
31 323
31 538
31 550
31 635
31 653
31 690
31 719
31 761
31 773
31 808
31 835
31 874
31 881
31 938
31 953
32 42
32 56
32 89
32 155
32 257
32 431
32 461
32 469
32 533
32 581
32 698
32 729
32 807
32 833
32 921
32 972
33 45
33 75
33 95
33 121
33 203
33 222
33 246
33 346
33 409
33 433
33 438
33 440
33 512
33 526
33 566
33 613
33 619
33 638
33 686
33 894
33 937
33 965
33 981
34 131
34 179
34 181
34 253
34 313
34 364
34 396
34 457
34 482
34 513
34 518
34 586
34 617
34 625
34 637
34 641
34 659
34 724
34 746
34 809
34 837
34 856
34 884
34 905
34 935
34 990
35 148
35 211
35 329
35 425
35 464
35 511
35 572
35 587
35 615
35 665
35 727
35 754
35 756
35 764
35 766
35 772
35 775
35 840
35 862
35 880
35 896
35 950
35 992
36 51
36 149
36 185
36 338
36 342
36 360
36 510
36 549
36 629
36 671
36 691
36 705
36 924
36 940
36 952
36 998
37 125
37 147
37 189
37 308
37 328
37 344
37 382
37 403
37 405
37 417
37 481
37 535
37 649
37 834
37 975
38 88
38 90
38 135
38 151
38 173
38 220
38 243
38 267
38 269
38 285
38 325
38 397
38 402
38 466
38 480
38 522
38 555
38 580
38 640
38 652
38 786
38 794
38 806
38 835
38 890
38 907
38 932
38 938
38 943
39 47
39 69
39 80
39 102
39 139
39 172
39 274
39 305
39 307
39 361
39 380
39 385
39 432
39 594
39 733
39 768
39 825
39 956
40 206
40 322
40 349
40 444
40 452
40 492
40 536
40 557
40 571
40 603
40 720
40 760
40 763
40 813
40 820
41 77
41 84
41 91
41 105
41 146
41 235
41 272
41 332
41 339
41 377
41 423
41 426
41 448
41 504
41 548
41 666
41 689
41 777
41 802
41 817
41 838
41 848
41 850
41 946
42 46
42 72
42 122
42 155
42 194
42 436
42 544
42 581
42 588
42 698
42 735
42 807
42 872
42 922
43 55
43 70
43 124
43 200
43 260
43 295
43 306
43 323
43 538
43 550
43 635
43 653
43 690
43 719
43 761
43 773
43 808
43 871
43 874
43 881
43 953
44 94
44 98
44 120
44 169
44 201
44 227
44 258
44 278
44 303
44 316
44 318
44 358
44 359
44 387
44 413
44 447
44 459
44 496
44 516
44 524
44 562
44 826
44 844
44 845
44 852
44 853
44 857
44 891
44 908
44 919
44 920
44 963
45 75
45 95
45 170
45 203
45 222
45 346
45 375
45 409
45 433
45 438
45 440
45 512
45 526
45 566
45 613
45 619
45 638
45 894
45 927
45 934
45 937
45 965
46 72
46 122
46 155
46 165
46 166
46 168
46 237
46 370
46 379
46 407
46 544
46 554
46 593
46 602
46 648
46 710
46 723
46 735
46 807
46 829
46 957
46 995
47 59
47 69
47 71
47 80
47 102
47 139
47 152
47 172
47 234
47 274
47 305
47 307
47 361
47 385
47 432
47 505
47 594
47 732
47 759
47 768
47 825
47 944
48 53
48 63
48 128
48 212
48 296
48 317
48 355
48 373
48 408
48 416
48 458
48 463
48 478
48 483
48 489
48 495
48 561
48 600
48 620
48 669
48 679
48 707
48 747
48 822
48 868
48 879
48 913
48 978
49 52
49 132
49 235
49 272
49 334
49 377
49 398
49 548
49 630
49 788
49 802
49 814
49 841
49 848
50 82
50 130
50 226
50 256
50 263
50 292
50 320
50 428
50 651
50 842
50 854
50 901
50 982
51 106
51 110
51 120
51 133
51 142
51 149
51 201
51 210
51 214
51 302
51 366
51 447
51 510
51 516
51 523
51 543
51 671
51 691
51 714
51 743
51 776
51 852
51 865
51 908
51 925
51 940
51 998
52 82
52 130
52 132
52 235
52 272
52 292
52 334
52 377
52 398
52 548
52 597
52 630
52 788
52 802
52 814
52 841
52 848
52 899
53 174
53 186
53 225
53 231
53 296
53 311
53 326
53 355
53 367
53 373
53 416
53 477
53 483
53 495
53 561
53 590
53 600
53 669
53 679
53 706
53 707
53 747
53 793
53 812
53 822
53 868
53 879
53 885
53 913
53 933
54 64
54 138
54 163
54 208
54 294
54 304
54 418
54 420
54 456
54 470
54 476
54 500
54 551
54 596
54 614
54 644
54 670
54 718
54 804
54 824
54 902
54 909
54 931
55 70
55 124
55 166
55 168
55 323
55 379
55 538
55 550
55 554
55 635
55 653
55 690
55 710
55 773
55 829
55 871
55 874
55 881
55 957
56 89
56 209
56 284
56 421
56 431
56 445
56 469
56 533
56 578
56 581
56 654
56 677
56 751
56 803
56 921
56 939
56 972
57 84
57 114
57 164
57 213
57 229
57 249
57 290
57 332
57 498
57 515
57 517
57 540
57 567
57 622
57 634
57 646
57 678
57 739
57 742
57 758
57 762
57 911
57 915
58 79
58 104
58 115
58 127
58 150
58 182
58 218
58 232
58 319
58 337
58 502
58 531
58 684
58 699
58 712
58 745
58 767
58 991
59 69
59 80
59 102
59 136
59 139
59 171
59 234
59 300
59 305
59 335
59 352
59 361
59 380
59 386
59 488
59 592
59 662
59 732
59 752
59 759
59 768
59 770
59 882
59 954
60 108
60 134
60 185
60 196
60 236
60 240
60 242
60 297
60 314
60 338
60 343
60 360
60 449
60 525
60 604
60 629
60 701
60 715
60 741
60 779
60 797
60 888
60 924
60 952
61 63
61 67
61 100
61 128
61 133
61 184
61 215
61 224
61 230
61 270
61 333
61 371
61 383
61 441
61 475
61 508
61 627
61 776
61 855
61 865
61 892
61 898
61 961
62 112
62 126
62 188
62 299
62 446
62 462
62 474
62 493
62 532
62 552
62 579
62 585
62 643
62 682
62 687
62 781
62 864
62 889
62 918
62 930
62 947
62 960
62 987
63 67
63 68
63 128
63 186
63 230
63 317
63 333
63 371
63 416
63 441
63 458
63 463
63 475
63 478
63 508
63 561
63 600
63 620
63 669
63 822
63 892
64 208
64 294
64 304
64 418
64 420
64 456
64 500
64 551
64 596
64 614
64 670
64 718
64 799
64 804
64 824
64 902
64 909
64 931
65 163
65 208
65 418
65 470
65 472
65 476
65 528
65 584
65 685
65 736
65 824
65 867
65 928
65 979
66 74
66 94
66 98
66 169
66 227
66 258
66 273
66 278
66 286
66 288
66 303
66 315
66 316
66 358
66 381
66 387
66 429
66 455
66 473
66 491
66 562
66 575
66 606
66 696
66 711
66 805
66 826
66 845
66 853
66 857
66 870
66 912
66 963
66 967
66 970
67 85
67 100
67 128
67 186
67 215
67 270
67 317
67 333
67 371
67 416
67 430
67 441
67 478
67 483
67 508
67 530
67 534
67 561
67 620
67 661
67 801
67 812
67 822
67 877
67 892
68 128
68 230
68 233
68 314
68 317
68 368
68 441
68 454
68 458
68 463
68 475
68 478
68 620
68 681
68 738
68 851
68 855
68 898
69 80
69 102
69 139
69 144
69 171
69 172
69 234
69 305
69 352
69 361
69 380
69 565
69 732
69 752
69 759
69 768
69 785
69 825
69 882
69 945
70 109
70 124
70 306
70 323
70 364
70 379
70 482
70 586
70 617
70 635
70 650
70 653
70 773
70 871
70 957
70 997
71 145
71 221
71 261
71 274
71 307
71 331
71 385
71 432
71 505
71 585
71 594
71 618
71 655
71 687
71 688
71 725
71 787
71 918
71 944
71 993
72 122
72 155
72 166
72 168
72 194
72 379
72 407
72 544
72 653
72 735
72 807
72 829
72 871
72 872
72 957
72 997
73 77
73 91
73 93
73 99
73 146
73 252
73 267
73 332
73 339
73 423
73 424
73 448
73 494
73 498
73 503
73 657
73 673
73 689
73 731
73 777
73 786
73 794
73 850
74 169
74 227
74 258
74 268
74 273
74 288
74 303
74 315
74 381
74 429
74 455
74 473
74 491
74 562
74 575
74 606
74 696
74 711
74 805
74 815
74 826
74 853
74 870
74 917
74 963
74 967
75 83
75 95
75 121
75 183
75 203
75 222
75 246
75 262
75 346
75 354
75 356
75 409
75 438
75 440
75 526
75 566
75 619
75 623
75 782
75 878
75 894
75 937
75 965
75 983
76 94
76 98
76 278
76 286
76 298
76 316
76 318
76 324
76 358
76 387
76 406
76 427
76 553
76 558
76 562
76 616
76 656
76 702
76 724
76 744
76 789
76 798
76 831
76 845
76 853
76 857
76 859
76 887
76 891
76 910
76 912
76 919
76 920
76 970
77 84
77 91
77 93
77 99
77 105
77 146
77 252
77 332
77 339
77 423
77 424
77 448
77 494
77 498
77 503
77 504
77 657
77 666
77 673
77 689
77 731
77 777
77 838
77 850
77 946
78 87
78 129
78 289
78 310
78 439
78 506
78 521
78 539
78 559
78 608
78 624
78 695
78 716
78 737
78 749
78 836
78 839
78 929
79 104
79 115
79 127
79 150
79 182
79 218
79 232
79 319
79 337
79 414
79 484
79 499
79 502
79 531
79 556
79 636
79 672
79 684
79 699
79 703
79 712
79 745
79 767
79 900
79 991
80 102
80 139
80 144
80 171
80 172
80 234
80 305
80 335
80 352
80 361
80 380
80 565
80 732
80 752
80 759
80 768
80 770
80 882
81 96
81 162
81 177
81 180
81 195
81 276
81 340
81 347
81 394
81 412
81 529
81 693
81 740
81 784
82 130
82 132
82 217
82 226
82 256
82 263
82 272
82 292
82 320
82 334
82 392
82 398
82 428
82 630
82 651
82 841
82 842
82 848
82 854
82 899
83 121
83 183
83 203
83 222
83 246
83 262
83 341
83 354
83 356
83 393
83 409
83 485
83 621
83 623
83 704
83 765
83 779
83 782
83 878
83 916
83 958
83 964
83 965
83 974
83 983
83 996
84 91
84 105
84 146
84 229
84 332
84 339
84 362
84 426
84 448
84 498
84 540
84 634
84 678
84 689
84 739
84 758
84 777
84 817
84 850
84 911
85 186
85 199
85 311
85 430
85 436
85 467
85 477
85 483
85 530
85 588
85 590
85 628
85 650
85 661
85 706
85 793
85 812
85 822
85 828
85 872
85 877
85 892
85 922
86 99
86 135
86 252
86 275
86 345
86 410
86 424
86 437
86 494
86 609
86 717
86 748
86 754
86 806
86 810
86 811
86 883
86 980
87 113
87 129
87 157
87 207
87 251
87 281
87 310
87 439
87 521
87 559
87 716
87 839
88 90
88 151
88 173
88 175
88 243
88 269
88 285
88 397
88 457
88 466
88 480
88 520
88 522
88 555
88 580
88 652
88 800
88 837
88 884
88 890
88 907
88 943
89 257
89 421
89 431
89 469
89 533
89 581
89 654
89 680
89 698
89 803
89 833
89 921
89 972
90 173
90 175
90 179
90 200
90 243
90 269
90 285
90 295
90 402
90 457
90 466
90 480
90 520
90 522
90 555
90 625
90 640
90 800
90 835
90 837
90 884
90 890
90 905
90 907
90 938
90 943
91 105
91 146
91 235
91 272
91 332
91 339
91 423
91 426
91 448
91 504
91 548
91 666
91 689
91 777
91 802
91 817
91 838
91 848
91 850
91 899
91 946
92 107
92 216
92 247
92 256
92 293
92 391
92 451
92 453
92 541
92 610
92 668
92 675
92 721
92 923
92 951
92 986
93 99
93 220
93 252
93 267
93 325
93 424
93 448
93 494
93 503
93 657
93 673
93 689
93 731
93 786
93 794
93 810
93 932
94 98
94 169
94 273
94 278
94 286
94 303
94 316
94 318
94 358
94 387
94 491
94 553
94 562
94 575
94 616
94 744
94 789
94 826
94 831
94 845
94 853
94 857
94 859
94 891
94 912
94 919
94 920
94 963
94 970
95 170
95 246
95 346
95 357
95 433
95 438
95 440
95 526
95 566
95 613
95 686
95 846
95 937
95 965
96 159
96 162
96 177
96 180
96 195
96 265
96 276
96 340
96 347
96 412
96 487
96 529
96 693
96 740
96 784
96 873
96 906
96 966
97 134
97 161
97 190
97 204
97 205
97 240
97 393
97 401
97 560
97 765
97 797
97 858
97 886
97 914
97 936
97 964
97 994
98 169
98 227
98 258
98 273
98 278
98 286
98 288
98 303
98 316
98 318
98 358
98 359
98 387
98 413
98 459
98 491
98 496
98 562
98 826
98 831
98 845
98 853
98 857
98 891
98 919
98 920
98 963
98 970
99 220
99 252
99 267
99 325
99 424
99 437
99 494
99 503
99 522
99 640
99 657
99 673
99 717
99 731
99 748
99 786
99 794
99 806
99 810
99 811
99 932
100 128
100 153
100 184
100 215
100 224
100 230
100 270
100 333
100 371
100 383
100 441
100 508
100 534
100 627
100 661
100 750
100 801
100 830
100 877
100 892
100 961
101 197
101 212
101 330
101 368
101 374
101 389
101 408
101 454
101 458
101 489
101 514
101 576
101 604
101 681
101 738
101 753
101 851
101 904
101 942
101 978
102 139
102 144
102 172
102 228
102 259
102 305
102 321
102 352
102 361
102 380
102 565
102 612
102 645
102 752
102 785
102 825
102 882
102 945
102 948
102 956
103 143
103 202
103 248
103 283
103 312
103 372
103 435
103 460
103 468
103 486
103 509
103 589
103 632
103 771
103 843
103 849
103 861
103 869
103 941
103 962
104 115
104 127
104 150
104 182
104 218
104 232
104 319
104 337
104 484
104 492
104 499
104 531
104 536
104 556
104 557
104 583
104 639
104 684
104 699
104 703
104 712
104 745
104 763
104 767
104 991
105 146
105 235
105 332
105 339
105 426
105 448
105 498
105 548
105 634
105 689
105 739
105 777
105 817
105 850
106 110
106 120
106 133
106 142
106 201
106 210
106 214
106 224
106 302
106 359
106 447
106 496
106 510
106 516
106 523
106 543
106 671
106 691
106 714
106 743
106 776
106 852
106 865
106 908
106 925
106 940
107 198
107 216
107 217
107 239
107 293
107 384
107 391
107 410
107 451
107 453
107 605
107 610
107 668
107 675
107 708
107 721
107 883
107 923
107 986
108 134
108 185
108 196
108 204
108 236
108 240
108 242
108 297
108 338
108 343
108 360
108 449
108 525
108 700
108 701
108 715
108 741
108 779
108 797
108 888
108 924
108 952
108 958
108 974
109 131
109 194
109 199
109 253
109 313
109 364
109 430
109 482
109 534
109 586
109 650
109 661
109 746
109 773
109 801
109 830
109 935
109 997
110 120
110 133
110 142
110 201
110 210
110 214
110 302
110 359
110 366
110 447
110 496
110 510
110 516
110 523
110 543
110 671
110 691
110 714
110 743
110 776
110 852
110 865
110 908
110 925
110 940
111 167
111 245
111 259
111 321
111 443
111 450
111 612
111 643
111 645
111 660
111 664
111 733
111 795
111 825
111 864
111 945
111 948
111 956
112 158
112 188
112 299
112 406
112 427
112 474
112 532
112 552
112 558
112 647
112 656
112 722
112 744
112 821
112 889
112 969
112 987
113 157
113 161
113 207
113 251
113 281
113 356
113 439
113 485
113 559
113 621
113 704
113 765
113 839
113 936
113 983
113 994
114 213
114 249
114 260
114 271
114 350
114 498
114 503
114 515
114 517
114 538
114 540
114 550
114 567
114 622
114 646
114 719
114 731
114 758
114 761
114 808
114 881
114 911
114 915
115 127
115 150
115 182
115 218
115 232
115 319
115 337
115 484
115 499
115 531
115 536
115 556
115 557
115 583
115 639
115 684
115 699
115 703
115 712
115 745
115 763
115 767
115 813
115 900
115 991
116 148
116 178
116 287
116 291
116 464
116 727
116 764
116 772
116 816
116 818
116 863
116 950
116 984
117 134
117 190
117 204
117 219
117 236
117 240
117 277
117 330
117 395
117 401
117 547
117 674
117 683
117 697
117 700
117 713
117 715
117 726
117 783
117 797
117 860
117 914
118 123
118 156
118 264
118 336
118 353
118 415
118 442
118 527
118 545
118 601
118 626
118 642
118 658
118 866
119 207
119 246
119 251
119 281
119 354
119 356
119 965
119 983
120 169
120 201
120 210
120 227
120 315
120 359
120 366
120 447
120 496
120 516
120 523
120 543
120 569
120 671
120 676
120 714
120 743
120 815
120 826
120 852
120 908
120 925
120 963
121 183
121 203
121 222
121 246
121 262
121 341
121 354
121 356
121 363
121 409
121 438
121 440
121 485
121 566
121 598
121 619
121 621
121 623
121 782
121 878
121 894
121 916
121 937
121 965
121 981
121 996
122 155
122 165
122 166
122 168
122 237
122 279
122 370
122 407
122 461
122 544
122 593
122 602
122 648
122 698
122 723
122 729
122 735
122 778
122 807
122 995
123 141
123 156
123 336
123 353
123 415
123 442
123 479
123 486
123 527
123 545
123 626
123 642
123 658
123 843
123 866
123 869
124 200
124 260
124 295
124 306
124 323
124 538
124 550
124 635
124 653
124 690
124 719
124 761
124 773
124 808
124 871
124 874
124 881
124 953
125 164
125 229
125 290
125 382
125 417
125 515
125 678
125 742
125 762
125 834
125 975
126 191
126 211
126 329
126 351
126 425
126 446
126 493
126 532
126 552
126 579
126 585
126 682
126 687
126 688
126 725
126 756
126 766
126 775
126 781
126 840
126 893
126 930
126 947
126 959
126 968
127 150
127 182
127 218
127 232
127 255
127 319
127 327
127 337
127 375
127 414
127 484
127 499
127 531
127 556
127 583
127 636
127 639
127 672
127 684
127 699
127 703
127 712
127 745
127 767
127 900
127 927
127 934
128 215
128 230
128 233
128 317
128 333
128 371
128 383
128 416
128 441
128 458
128 463
128 475
128 478
128 508
128 620
128 822
128 855
128 892
128 898
129 157
129 160
129 161
129 244
129 289
129 310
129 439
129 506
129 521
129 539
129 559
129 608
129 624
129 695
129 716
129 737
129 749
129 836
129 839
129 929
129 936
129 994
130 132
130 226
130 256
130 263
130 292
130 320
130 334
130 392
130 398
130 428
130 597
130 630
130 651
130 814
130 841
130 842
130 854
130 899
130 901
130 982
131 153
131 179
131 181
131 253
131 313
131 364
131 390
131 396
131 399
131 513
131 518
131 534
131 586
131 617
131 625
131 637
131 641
131 659
131 724
131 746
131 750
131 801
131 809
131 830
131 856
131 935
131 990
132 292
132 334
132 377
132 398
132 597
132 630
132 814
132 841
132 848
132 982
133 142
133 153
133 184
133 201
133 214
133 224
133 230
133 302
133 359
133 383
133 390
133 413
133 447
133 510
133 516
133 524
133 543
133 627
133 714
133 743
133 750
133 776
133 844
133 852
133 865
133 908
133 925
133 961
134 190
134 204
134 236
134 240
134 277
134 297
134 401
134 449
134 525
134 560
134 700
134 701
134 715
134 726
134 741
134 783
134 797
134 858
134 886
135 151
135 173
135 243
135 269
135 285
135 325
135 345
135 397
135 437
135 522
135 537
135 555
135 580
135 609
135 652
135 748
135 769
135 806
135 810
135 811
135 907
135 932
135 943
136 171
136 300
136 335
136 386
136 394
136 488
136 592
136 631
136 662
136 759
136 770
136 882
136 954
136 973
137 144
137 171
137 177
137 195
137 223
137 228
137 254
137 340
137 380
137 400
137 412
137 434
137 487
137 563
137 565
137 591
137 603
137 662
137 752
137 785
137 832
137 903
137 926
137 966
138 174
138 225
138 231
138 284
138 304
138 367
138 373
138 378
138 445
138 500
138 501
138 578
138 596
138 611
138 644
138 670
138 677
138 718
138 730
138 804
138 868
138 879
138 885
138 902
138 913
138 931
138 933
138 939
138 976
139 152
139 171
139 172
139 234
139 305
139 335
139 352
139 361
139 380
139 505
139 732
139 759
139 768
139 770
139 882
140 158
140 425
140 446
140 519
140 532
140 537
140 542
140 552
140 579
140 615
140 647
140 756
140 769
140 840
140 893
140 959
141 143
141 283
141 312
141 421
141 435
141 468
141 469
141 486
141 527
141 545
141 626
141 654
141 658
141 680
141 709
141 823
141 843
141 861
141 869
141 921
142 201
142 214
142 224
142 302
142 359
142 447
142 496
142 510
142 516
142 523
142 543
142 671
142 691
142 714
142 743
142 776
142 852
142 865
142 908
142 925
142 940
142 961
143 209
143 248
143 283
143 312
143 372
143 421
143 435
143 460
143 468
143 471
143 486
143 509
143 589
143 632
143 751
143 771
143 843
143 849
143 861
143 869
143 941
143 962
144 171
144 172
144 228
144 259
144 305
144 321
144 352
144 380
144 400
144 565
144 612
144 645
144 662
144 752
144 785
144 832
144 882
144 945
144 948
145 152
145 187
145 193
145 221
145 261
145 274
145 307
145 331
145 419
145 422
145 505
145 618
145 655
145 787
145 796
145 876
145 944
145 993
146 235
146 252
146 272
146 332
146 339
146 423
146 426
146 448
146 504
146 548
146 666
146 689
146 777
146 802
146 838
146 848
146 850
146 899
146 946
147 189
147 238
147 250
147 308
147 328
147 388
147 403
147 481
147 535
147 649
147 791
148 178
148 211
148 287
148 291
148 329
148 384
148 511
148 572
148 587
148 665
148 727
148 754
148 764
148 772
148 775
148 816
148 818
148 862
148 863
148 880
148 896
148 950
148 984
148 992
149 185
149 338
149 343
149 360
149 510
149 629
149 671
149 691
149 705
149 714
149 888
149 924
149 940
149 952
149 998
150 170
150 182
150 218
150 232
150 319
150 327
150 337
150 375
150 414
150 484
150 499
150 502
150 531
150 556
150 636
150 672
150 684
150 699
150 703
150 712
150 745
150 767
150 900
150 927
150 934
150 991
151 173
151 243
151 269
151 285
151 397
151 480
151 522
151 537
151 555
151 580
151 609
151 652
151 748
151 769
151 806
151 907
151 943
152 187
152 234
152 307
152 361
152 419
152 422
152 505
152 618
152 732
152 759
152 768
152 770
152 796
152 944
153 181
153 184
153 215
153 224
153 270
153 324
153 390
153 399
153 413
153 459
153 513
153 518
153 524
153 627
153 637
153 641
153 659
153 750
153 801
153 844
153 961
153 990
154 255
154 327
154 342
154 376
154 404
154 411
154 512
154 549
154 574
154 582
154 607
154 728
154 757
154 819
154 875
154 897
155 168
155 279
155 370
155 461
155 544
155 581
155 602
155 648
155 698
155 723
155 729
155 735
155 807
155 833
155 995
156 257
156 264
156 301
156 415
156 490
156 527
156 545
156 568
156 601
156 626
156 658
156 709
156 774
156 823
156 895
156 989
157 161
157 205
157 281
157 439
157 559
157 704
157 716
157 765
157 839
157 936
157 964
157 994
158 243
158 406
158 427
158 552
158 558
158 580
158 647
158 652
158 656
158 702
158 821
158 887
159 162
159 177
159 241
159 265
159 276
159 340
159 347
159 349
159 369
159 434
159 487
159 563
159 571
159 693
159 873
159 906
159 966
160 161
160 244
160 282
160 310
160 506
160 539
160 608
160 716
160 737
160 780
160 836
160 839
160 929
160 936
160 988
160 994
160 999
161 205
161 244
161 282
161 439
161 506
161 539
161 560
161 608
161 716
161 737
161 839
161 886
161 936
161 988
161 994
162 177
162 241
162 265
162 276
162 340
162 347
162 412
162 434
162 487
162 529
162 563
162 693
162 740
162 784
162 873
162 906
162 966
163 174
163 208
163 225
163 378
163 470
163 476
163 495
163 514
163 584
163 644
163 670
163 679
163 685
163 736
163 747
163 753
163 824
163 868
163 879
163 928
163 979
164 213
164 229
164 290
164 362
164 417
164 515
164 540
164 622
164 634
164 678
164 739
164 742
164 758
164 762
164 834
164 911
164 915
164 975
165 166
165 168
165 237
165 238
165 250
165 279
165 308
165 370
165 388
165 407
165 461
165 497
165 554
165 593
165 602
165 648
165 723
165 778
165 995
166 168
166 237
166 379
166 407
166 497
166 544
166 554
166 648
166 653
166 710
166 735
166 829
166 871
166 957
166 995
167 172
167 245
167 299
167 321
167 450
167 462
167 573
167 643
167 645
167 664
167 733
167 792
167 795
167 825
167 864
167 948
167 956
167 960
168 237
168 379
168 407
168 544
168 554
168 648
168 653
168 710
168 735
168 807
168 829
168 871
168 957
168 995
169 227
169 258
169 273
169 278
169 286
169 288
169 303
169 315
169 316
169 318
169 358
169 359
169 387
169 491
169 496
169 562
169 569
169 575
169 696
169 805
169 815
169 826
169 845
169 853
169 857
169 891
169 919
169 920
169 963
170 182
170 218
170 337
170 357
170 375
170 414
170 433
170 502
170 526
170 531
170 613
170 636
170 672
170 686
170 699
170 712
170 745
170 767
170 846
170 900
170 927
170 934
171 195
171 300
171 335
171 352
171 380
171 386
171 412
171 488
171 565
171 591
171 592
171 662
171 752
171 759
171 770
171 882
171 926
171 954
172 305
172 321
172 352
172 361
172 380
172 432
172 594
172 612
172 645
172 733
172 752
172 768
172 785
172 825
172 882
172 945
172 948
172 956
173 220
173 243
173 267
173 269
173 285
173 325
173 397
173 402
173 480
173 522
173 555
173 580
173 609
173 640
173 652
173 786
173 794
173 806
173 835
173 890
173 907
173 932
173 938
173 943
174 225
174 231
174 296
174 326
174 355
174 367
174 373
174 378
174 495
174 501
174 596
174 600
174 611
174 644
174 670
174 679
174 707
174 718
174 730
174 747
174 868
174 879
174 885
174 913
174 933
174 976
175 179
175 200
175 243
175 396
175 457
175 466
175 480
175 520
175 617
175 625
175 800
175 835
175 837
175 856
175 884
175 905
175 907
175 938
176 264
176 266
176 301
176 309
176 490
176 564
176 568
176 601
176 774
176 790
176 791
176 895
176 949
176 989
177 180
177 195
177 276
177 340
177 347
177 394
177 412
177 434
177 487
177 563
177 591
177 662
177 693
177 740
177 784
177 903
177 906
177 926
177 966
178 216
178 247
178 287
178 291
178 384
178 391
178 511
178 541
178 668
178 727
178 816
178 880
178 896
178 923
178 980
178 992
179 200
179 253
179 306
179 313
179 396
179 457
179 466
179 480
179 518
179 520
179 617
179 625
179 659
179 724
179 800
179 809
179 837
179 856
179 884
179 905
179 910
179 935
180 276
180 394
180 529
180 693
180 740
180 784
181 253
181 298
181 313
181 324
181 390
181 396
181 399
181 413
181 459
181 513
181 518
181 553
181 627
181 637
181 641
181 659
181 724
181 750
181 789
181 798
181 809
181 837
181 844
181 856
181 891
181 910
181 935
181 990
182 218
182 232
182 319
182 337
182 375
182 414
182 484
182 502
182 531
182 636
182 672
182 684
182 699
182 703
182 712
182 745
182 767
182 900
182 927
182 934
182 991
183 203
183 222
183 246
183 262
183 341
183 346
183 354
183 356
183 409
183 440
183 485
183 566
183 619
183 621
183 623
183 782
183 878
183 894
183 916
183 937
183 965
183 981
183 983
183 996
184 201
184 215
184 224
184 270
184 302
184 333
184 383
184 390
184 399
184 413
184 447
184 459
184 508
184 513
184 524
184 627
184 750
184 776
184 801
184 844
184 852
184 961
184 990
185 196
185 242
185 338
185 343
185 360
185 449
185 629
185 705
185 888
185 924
185 952
185 958
185 998
186 296
186 317
186 326
186 355
186 371
186 373
186 416
186 430
186 441
186 463
186 477
186 483
186 530
186 561
186 600
186 620
186 661
186 706
186 812
186 822
186 877
186 892
187 193
187 261
187 307
187 331
187 419
187 422
187 505
187 618
187 787
187 796
187 944
187 993
188 245
188 299
188 450
188 462
188 473
188 474
188 532
188 573
188 606
188 643
188 722
188 792
188 864
188 889
188 960
188 969
188 987
189 250
189 308
189 328
189 344
189 348
189 382
189 403
189 405
189 481
189 497
189 535
189 649
189 834
189 975
190 204
190 205
190 240
190 277
190 401
190 547
190 560
190 674
190 683
190 700
190 713
190 715
190 783
190 797
190 827
190 860
190 886
190 914
190 988
191 193
191 221
191 261
191 351
191 464
191 579
191 655
191 688
191 725
191 764
191 766
191 772
191 775
191 787
191 847
191 876
191 968
191 985
191 993
192 255
192 268
192 280
192 570
192 595
192 599
192 663
192 692
192 694
192 917
192 955
192 977
193 221
193 261
193 331
193 351
193 419
193 422
193 618
193 655
193 688
193 725
193 787
193 796
193 847
193 876
193 968
193 985
193 993
194 199
194 436
194 467
194 544
194 588
194 650
194 735
194 807
194 828
194 872
194 922
194 957
194 997
195 300
195 335
195 340
195 347
195 394
195 412
195 434
195 487
195 563
195 591
195 662
195 693
195 740
195 784
195 903
195 926
195 954
195 966
196 240
196 242
196 297
196 338
196 341
196 360
196 449
196 525
196 629
196 701
196 741
196 779
196 888
196 924
196 952
196 958
196 974
196 996
197 219
197 330
197 374
197 389
197 395
197 507
197 514
197 528
197 546
197 576
197 633
197 726
197 734
197 753
197 783
197 904
197 942
197 971
198 217
198 239
198 252
198 392
198 410
198 423
198 494
198 504
198 605
198 666
198 708
198 717
198 838
198 850
198 883
198 946
199 364
199 430
199 467
199 482
199 530
199 534
199 586
199 588
199 650
199 661
199 746
199 801
199 828
199 830
199 872
199 877
199 922
199 997
200 295
200 306
200 457
200 466
200 617
200 625
200 761
200 835
200 884
200 890
200 905
200 938
200 953
201 214
201 224
201 302
201 359
201 413
201 447
201 459
201 496
201 510
201 516
201 523
201 524
201 543
201 714
201 743
201 776
201 844
201 852
201 908
201 920
201 925
201 961
202 294
202 304
202 372
202 420
202 456
202 460
202 471
202 509
202 551
202 614
202 632
202 771
202 799
202 804
202 849
202 909
202 941
202 962
203 222
203 246
203 262
203 346
203 354
203 363
203 409
203 438
203 440
203 526
203 566
203 598
203 613
203 619
203 623
203 638
203 782
203 878
203 894
203 916
203 937
203 965
203 981
203 996
204 205
204 236
204 240
204 277
204 297
204 401
204 525
204 560
204 700
204 713
204 715
204 726
204 741
204 783
204 797
204 858
204 860
204 886
205 244
205 560
205 765
205 858
205 886
205 914
205 936
205 964
205 994
206 452
206 492
206 536
206 557
206 720
206 760
206 763
206 813
206 820
207 251
207 281
207 356
207 559
207 983
208 418
208 420
208 456
208 470
208 476
208 500
208 584
208 614
208 670
208 685
208 718
208 824
208 902
208 931
209 283
209 284
209 372
209 421
209 431
209 435
209 445
209 468
209 469
209 471
209 533
209 578
209 632
209 654
209 677
209 680
209 751
209 861
209 921
209 939
209 972
210 342
210 366
210 404
210 516
210 523
210 543
210 549
210 569
210 582
210 671
210 676
210 714
210 728
210 743
210 757
210 819
210 875
210 897
210 925
211 329
211 425
211 446
211 511
211 519
211 542
211 572
211 579
211 587
211 615
211 665
211 727
211 754
211 756
211 766
211 772
211 775
211 840
211 862
211 893
211 896
211 959
211 968
211 992
212 317
212 374
212 408
212 454
212 458
212 463
212 489
212 495
212 514
212 576
212 669
212 679
212 738
212 747
212 753
212 904
212 978
213 229
213 249
213 260
213 350
213 417
213 498
213 515
213 517
213 540
213 550
213 567
213 622
213 646
213 758
213 808
213 881
213 911
213 915
213 975
214 224
214 230
214 302
214 383
214 447
214 510
214 516
214 543
214 671
214 691
214 714
214 743
214 776
214 852
214 855
214 865
214 898
214 908
214 925
214 940
214 961
215 224
215 230
215 270
215 333
215 371
215 383
215 441
215 508
215 534
215 627
215 750
215 776
215 801
215 892
215 961
216 247
216 287
216 293
216 384
216 391
216 451
216 453
216 541
216 610
216 668
216 708
216 721
216 923
216 951
216 986
217 239
217 256
217 263
217 391
217 392
217 428
217 453
217 605
217 610
217 675
217 708
217 721
217 899
217 986
218 232
218 319
218 337
218 375
218 414
218 484
218 502
218 531
218 636
218 672
218 684
218 699
218 712
218 745
218 767
218 900
218 927
218 934
218 991
219 277
219 395
219 401
219 507
219 546
219 633
219 697
219 700
219 713
219 726
219 783
219 860
219 942
220 267
220 269
220 271
220 295
220 325
220 402
220 424
220 503
220 522
220 640
220 657
220 673
220 731
220 761
220 786
220 794
220 835
220 890
220 907
220 932
220 938
221 261
221 274
221 307
221 331
221 351
221 385
221 618
221 655
221 687
221 688
221 725
221 787
221 847
221 876
221 968
221 985
221 993
222 246
222 262
222 346
222 354
222 356
222 409
222 438
222 440
222 485
222 566
222 619
222 623
222 782
222 878
222 894
222 937
222 965
222 983
223 241
223 254
223 322
223 340
223 400
223 412
223 434
223 444
223 487
223 563
223 577
223 603
223 832
223 903
223 966
224 230
224 302
224 333
224 383
224 390
224 447
224 508
224 510
224 516
224 524
224 627
224 714
224 750
224 776
224 844
224 852
224 865
224 908
224 925
224 961
225 231
225 296
225 326
225 355
225 367
225 373
225 378
225 495
225 500
225 501
225 596
225 611
225 644
225 670
225 679
225 707
225 718
225 730
225 747
225 868
225 879
225 885
225 913
225 933
225 976
226 263
226 292
226 320
226 597
226 651
226 842
226 854
226 901
226 982
227 258
227 273
227 278
227 288
227 303
227 315
227 316
227 358
227 359
227 387
227 491
227 496
227 523
227 562
227 569
227 676
227 696
227 805
227 815
227 826
227 845
227 853
227 857
227 963
228 254
228 259
228 321
228 380
228 400
228 465
228 565
228 577
228 612
228 645
228 660
228 752
228 785
228 832
228 945
228 948
228 956
229 290
229 362
229 417
229 515
229 540
229 622
229 634
229 678
229 739
229 742
229 758
229 762
229 817
229 911
229 915
230 233
230 302
230 333
230 371
230 383
230 441
230 475
230 508
230 620
230 691
230 776
230 855
230 865
230 898
230 961
231 296
231 311
231 326
231 355
231 367
231 373
231 445
231 477
231 483
231 501
231 596
231 611
231 644
231 677
231 706
231 707
231 730
231 793
231 803
231 868
231 879
231 885
231 913
231 933
231 939
231 976
232 319
232 337
232 414
232 484
232 499
232 531
232 556
232 636
232 684
232 699
232 703
232 712
232 745
232 763
232 767
232 991
233 314
233 343
233 368
233 454
233 458
233 475
233 478
233 604
233 620
233 681
233 691
233 705
233 738
233 851
233 855
233 865
233 898
234 307
234 361
234 419
234 422
234 505
234 732
234 759
234 768
234 770
234 796
234 944
235 272
235 377
235 398
235 423
235 426
235 548
235 630
235 666
235 777
235 788
235 802
235 814
235 841
235 848
235 850
235 899
236 240
236 242
236 277
236 297
236 330
236 389
236 395
236 449
236 525
236 700
236 701
236 715
236 726
236 741
236 783
236 797
236 888
237 348
237 370
237 379
237 407
237 497
237 554
237 593
237 602
237 648
237 710
237 723
237 735
237 829
237 957
237 995
238 250
238 266
238 308
238 309
238 328
238 388
238 535
238 564
238 593
238 649
238 778
238 790
238 791
238 949
239 252
239 272
239 392
239 410
239 423
239 504
239 605
239 610
239 666
239 708
239 838
239 883
239 899
239 946
239 986
240 242
240 277
240 297
240 401
240 449
240 525
240 560
240 700
240 701
240 715
240 726
240 741
240 779
240 783
240 797
240 858
240 886
240 888
240 974
241 265
241 340
241 347
241 349
241 369
241 412
241 434
241 444
241 487
241 563
241 571
241 603
241 760
241 873
241 903
241 906
241 966
242 297
242 314
242 330
242 338
242 343
242 360
242 368
242 389
242 449
242 525
242 604
242 681
242 705
242 741
242 851
242 888
242 924
243 269
243 285
243 397
243 480
243 520
243 522
243 537
243 555
243 580
243 609
243 652
243 769
243 800
243 806
243 907
243 943
244 282
244 310
244 506
244 539
244 608
244 716
244 737
244 780
244 836
244 839
244 929
244 936
244 988
244 994
244 999
245 299
245 429
245 443
245 450
245 455
245 462
245 573
245 606
245 643
245 664
245 792
245 795
245 864
245 870
245 948
245 956
245 960
245 967
246 346
246 354
246 356
246 409
246 438
246 440
246 485
246 566
246 619
246 623
246 782
246 878
246 894
246 937
246 965
246 983
247 287
247 291
247 293
247 384
247 391
247 451
247 453
247 541
247 610
247 668
247 816
247 923
247 951
248 283
248 312
248 435
248 460
248 468
248 486
248 509
248 589
248 632
248 771
248 843
248 849
248 861
248 869
248 941
249 260
249 271
249 332
249 350
249 448
249 498
249 503
249 515
249 517
249 540
249 567
249 622
249 646
249 719
249 731
249 758
249 808
249 911
249 915
250 308
250 309
250 328
250 370
250 388
250 535
250 593
250 648
250 649
250 778
250 791
250 995
251 281
251 356
251 559
251 983
252 267
252 410
252 423
252 424
252 437
252 448
252 494
252 504
252 657
252 666
252 673
252 689
252 717
252 810
252 838
252 850
252 946
253 313
253 364
253 396
253 399
253 482
253 513
253 518
253 586
253 617
253 625
253 637
253 641
253 659
253 724
253 746
253 809
253 830
253 856
253 884
253 905
253 935
253 990
254 259
254 322
254 400
254 444
254 452
254 465
254 577
254 603
254 612
254 660
254 720
254 785
254 832
254 903
254 945
255 327
255 411
255 484
255 499
255 556
255 574
255 595
255 599
255 607
255 672
255 694
255 703
255 900
255 977
256 263
256 292
256 320
256 392
256 428
256 453
256 605
256 651
256 675
256 721
256 842
256 854
257 264
257 279
257 301
257 461
257 527
257 564
257 654
257 680
257 698
257 709
257 723
257 729
257 823
257 833
257 921
257 989
258 273
258 278
258 286
258 288
258 303
258 315
258 316
258 358
258 381
258 429
258 455
258 491
258 496
258 562
258 569
258 575
258 676
258 696
258 711
258 805
258 815
258 826
258 845
258 853
258 857
258 870
258 917
258 963
258 967
259 321
259 400
259 465
259 565
259 577
259 612
259 645
259 660
259 785
259 832
259 945
259 948
259 956
260 271
260 295
260 350
260 515
260 517
260 538
260 550
260 567
260 622
260 635
260 646
260 690
260 719
260 761
260 808
260 874
260 881
260 953
261 274
261 307
261 331
261 351
261 385
261 422
261 432
261 505
261 594
261 618
261 655
261 687
261 688
261 725
261 787
261 796
261 876
261 944
261 985
261 993
262 341
262 354
262 363
262 393
262 409
262 485
262 598
262 619
262 621
262 623
262 704
262 779
262 782
262 878
262 894
262 916
262 958
262 974
262 981
262 996
263 292
263 320
263 392
263 428
263 651
263 675
263 721
263 842
263 854
263 901
264 301
264 415
264 490
264 527
264 545
264 564
264 568
264 601
264 658
264 709
264 774
264 790
264 823
264 895
264 949
264 989
265 276
265 340
265 347
265 349
265 369
265 434
265 487
265 563
265 571
265 873
265 906
265 966
266 301
266 309
266 490
266 564
266 568
266 601
266 774
266 790
266 791
266 895
266 949
266 989
267 269
267 271
267 325
267 402
267 424
267 494
267 503
267 522
267 640
267 657
267 673
267 731
267 786
267 794
267 806
267 810
267 890
267 932
268 280
268 288
268 315
268 429
268 443
268 455
268 570
268 595
268 599
268 692
268 694
268 696
268 711
268 805
268 815
268 917
268 955
268 967
268 977
269 285
269 325
269 397
269 402
269 466
269 480
269 522
269 555
269 580
269 609
269 640
269 652
269 786
269 794
269 806
269 835
269 890
269 907
269 932
269 938
269 943
270 333
270 371
270 383
270 390
270 399
270 430
270 508
270 530
270 534
270 627
270 661
270 746
270 750
270 801
270 830
270 877
270 892
271 295
271 325
271 402
271 498
271 503
271 517
271 550
271 567
271 640
271 646
271 657
271 719
271 731
271 761
271 786
271 794
271 808
271 835
271 890
271 932
271 938
271 953
272 392
272 398
272 423
272 504
272 548
272 630
272 666
272 777
272 802
272 838
272 848
272 850
272 899
272 946
273 278
273 286
273 288
273 303
273 315
273 316
273 358
273 381
273 429
273 455
273 473
273 491
273 562
273 575
273 606
273 696
273 711
273 805
273 815
273 826
273 845
273 853
273 857
273 870
273 963
273 967
273 970
274 307
274 331
274 361
274 385
274 422
274 432
274 505
274 594
274 618
274 655
274 687
274 688
274 725
274 787
274 918
274 944
274 993
275 345
275 384
275 437
275 717
275 748
275 754
275 810
275 811
275 880
275 883
275 896
275 980
276 340
276 347
276 412
276 487
276 529
276 693
276 740
276 784
276 873
276 906
276 966
277 330
277 395
277 401
277 525
277 547
277 674
277 683
277 697
277 700
277 713
277 715
277 726
277 783
277 797
277 860
277 914
277 942
278 286
278 288
278 303
278 316
278 318
278 358
278 359
278 387
278 413
278 459
278 491
278 496
278 562
278 826
278 831
278 845
278 853
278 857
278 891
278 919
278 920
278 963
278 970
279 309
279 370
279 461
279 490
279 564
279 568
279 593
279 602
279 648
279 698
279 723
279 729
279 778
279 833
279 949
279 989
279 995
280 443
280 465
280 570
280 577
280 660
280 663
280 664
280 667
280 692
280 955
280 977
281 354
281 356
281 439
281 485
281 559
281 983
282 506
282 547
282 674
282 683
282 737
282 780
282 827
282 914
282 988
282 994
282 999
283 312
283 372
283 421
283 435
283 460
283 468
283 469
283 471
283 486
283 509
283 589
283 632
283 654
283 680
283 751
283 771
283 843
283 849
283 861
283 869
283 941
283 962
284 304
284 367
284 372
284 421
284 445
284 471
284 501
284 533
284 578
284 596
284 611
284 677
284 718
284 730
284 751
284 799
284 803
284 804
284 909
284 939
284 962
284 976
285 397
285 402
285 480
285 522
285 537
285 555
285 580
285 609
285 640
285 652
285 748
285 769
285 806
285 890
285 907
285 932
285 943
286 303
286 316
286 318
286 358
286 381
286 387
286 406
286 427
286 473
286 491
286 558
286 562
286 575
286 616
286 656
286 722
286 744
286 826
286 831
286 845
286 853
286 857
286 859
286 870
286 891
286 912
286 919
286 963
286 969
286 970
287 291
287 384
287 511
287 541
287 665
287 668
287 727
287 816
287 880
287 923
287 992
288 303
288 315
288 316
288 381
288 429
288 455
288 473
288 491
288 562
288 569
288 575
288 696
288 711
288 805
288 815
288 826
288 845
288 853
288 870
288 917
288 963
288 967
289 310
289 506
289 521
289 539
289 559
289 608
289 624
289 695
289 716
289 737
289 749
289 836
289 929
290 362
290 417
290 515
290 540
290 622
290 634
290 678
290 739
290 742
290 758
290 762
290 817
290 911
290 915
291 541
291 727
291 764
291 772
291 816
291 818
291 863
291 950
291 984
292 320
292 334
292 392
292 398
292 428
292 597
292 630
292 651
292 814
292 841
292 842
292 854
292 899
292 901
292 982
293 391
293 451
293 453
293 541
293 610
293 668
293 675
293 721
293 923
293 951
293 986
294 304
294 372
294 420
294 456
294 471
294 500
294 551
294 614
294 799
294 804
294 902
294 909
294 931
294 962
295 306
295 402
295 538
295 550
295 640
295 719
295 761
295 808
295 835
295 890
295 938
295 953
296 311
296 317
296 326
296 355
296 373
296 416
296 477
296 483
296 495
296 561
296 600
296 669
296 679
296 706
296 707
296 747
296 793
296 812
296 822
296 868
296 879
296 885
296 913
296 933
297 314
297 330
297 343
297 360
297 389
297 449
297 525
297 604
297 700
297 701
297 715
297 726
297 741
297 797
297 888
297 924
298 318
298 324
298 390
298 396
298 399
298 413
298 459
298 513
298 518
298 520
298 553
298 616
298 637
298 641
298 659
298 724
298 789
298 798
298 809
298 837
298 887
298 891
298 910
298 919
298 920
298 990
299 450
299 462
299 474
299 532
299 573
299 585
299 606
299 643
299 722
299 792
299 864
299 889
299 918
299 960
299 969
299 987
300 335
300 352
300 386
300 394
300 488
300 591
300 592
300 631
300 662
300 759
300 770
300 882
300 926
300 954
300 973
301 309
301 415
301 490
301 527
301 545
301 564
301 568
301 601
301 658
301 709
301 774
301 790
301 823
301 895
301 949
301 989
302 383
302 447
302 510
302 516
302 524
302 543
302 671
302 691
302 714
302 743
302 776
302 852
302 855
302 865
302 898
302 908
302 925
302 940
302 961
303 315
303 316
303 318
303 358
303 359
303 381
303 387
303 473
303 491
303 496
303 562
303 575
303 696
303 711
303 805
303 815
303 826
303 831
303 845
303 853
303 857
303 870
303 891
303 919
303 920
303 963
303 970
304 372
304 420
304 456
304 471
304 500
304 501
304 551
304 596
304 611
304 614
304 670
304 718
304 730
304 751
304 799
304 804
304 902
304 909
304 931
304 962
304 976
305 321
305 352
305 361
305 380
305 565
305 594
305 612
305 645
305 733
305 752
305 768
305 785
305 825
305 882
305 945
305 956
306 323
306 364
306 457
306 466
306 482
306 538
306 617
306 625
306 635
306 761
306 773
306 835
306 884
306 905
306 938
306 953
307 331
307 361
307 385
307 419
307 422
307 432
307 505
307 594
307 618
307 655
307 688
307 768
307 787
307 796
307 944
307 993
308 328
308 388
308 403
308 405
308 481
308 497
308 535
308 593
308 649
308 778
308 791
308 995
309 388
309 461
309 490
309 564
309 568
309 593
309 729
309 774
309 778
309 790
309 791
309 895
309 949
309 989
310 439
310 506
310 521
310 539
310 559
310 608
310 624
310 695
310 716
310 737
310 749
310 836
310 839
310 929
311 326
311 355
311 367
311 373
311 436
311 467
311 477
311 483
311 561
311 588
311 590
311 628
311 677
311 706
311 793
311 803
311 812
311 828
311 872
311 885
311 922
311 933
312 435
312 460
312 468
312 486
312 509
312 589
312 632
312 642
312 771
312 843
312 849
312 861
312 866
312 869
312 941
313 364
313 396
313 399
313 482
313 513
313 518
313 586
313 617
313 625
313 637
313 641
313 659
313 724
313 746
313 809
313 830
313 837
313 856
313 884
313 905
313 935
313 990
314 338
314 343
314 360
314 368
314 389
314 454
314 604
314 681
314 705
314 738
314 851
314 855
314 888
314 898
314 924
315 569
315 595
315 599
315 676
315 696
315 757
315 805
315 815
315 826
315 917
315 963
316 318
316 358
316 359
316 387
316 491
316 496
316 562
316 575
316 616
316 744
316 826
316 831
316 845
316 853
316 857
316 859
316 891
316 912
316 919
316 920
316 963
316 970
317 371
317 408
317 416
317 441
317 458
317 463
317 475
317 478
317 483
317 489
317 561
317 600
317 620
317 669
317 679
317 707
317 747
317 822
318 324
318 358
318 387
318 413
318 427
318 459
318 553
318 562
318 616
318 656
318 744
318 789
318 798
318 826
318 831
318 845
318 853
318 857
318 859
318 891
318 912
318 919
318 920
318 970
319 337
319 484
319 499
319 531
319 536
319 556
319 583
319 639
319 672
319 684
319 699
319 703
319 712
319 745
319 763
319 767
319 813
319 900
319 991
320 428
320 651
320 842
320 854
320 901
321 380
321 400
321 565
321 612
321 645
321 660
321 752
321 785
321 825
321 832
321 945
321 948
321 956
322 400
322 444
322 452
322 465
322 557
322 577
322 603
322 667
322 720
322 813
322 820
323 364
323 379
323 482
323 538
323 635
323 653
323 690
323 773
323 871
323 874
323 953
323 957
323 997
324 387
324 390
324 396
324 399
324 413
324 459
324 513
324 518
324 524
324 553
324 616
324 637
324 641
324 659
324 724
324 750
324 789
324 798
324 809
324 844
324 891
324 910
324 919
324 920
324 990
325 402
325 424
325 494
325 503
325 522
325 555
325 640
325 657
325 673
325 748
325 786
325 794
325 806
325 810
325 835
325 890
325 907
325 932
326 355
326 367
326 373
326 477
326 483
326 561
326 590
326 600
326 611
326 628
326 706
326 707
326 730
326 747
326 793
326 812
326 822
326 868
326 879
326 885
326 913
326 933
327 337
327 375
327 376
327 411
327 414
327 484
327 499
327 512
327 531
327 574
327 599
327 607
327 636
327 672
327 900
327 927
328 388
328 403
328 405
328 481
328 535
328 649
329 425
329 446
329 511
329 519
329 542
329 572
329 579
329 587
329 615
329 665
329 727
329 754
329 756
329 766
329 772
329 775
329 840
329 862
329 893
329 896
329 959
329 968
329 992
330 389
330 395
330 525
330 576
330 604
330 633
330 700
330 715
330 726
330 738
330 783
330 851
330 904
330 942
331 351
331 419
331 422
331 505
331 618
331 655
331 688
331 725
331 787
331 796
331 847
331 876
331 944
331 993
332 339
332 426
332 448
332 498
332 503
332 540
332 646
332 657
332 673
332 689
332 731
332 777
332 817
332 850
332 911
333 371
333 383
333 416
333 441
333 508
333 534
333 627
333 776
333 801
333 877
333 892
333 961
334 398
334 597
334 630
334 814
334 841
334 982
335 352
335 386
335 394
335 488
335 591
335 592
335 631
335 662
335 732
335 759
335 770
335 882
335 926
335 954
335 973
336 353
336 365
336 442
336 479
336 545
336 626
336 642
336 755
336 866
337 375
337 414
337 484
337 499
337 502
337 531
337 556
337 636
337 672
337 699
337 703
337 712
337 745
337 767
337 900
337 927
337 934
337 991
338 343
338 360
338 449
338 629
338 691
338 705
338 888
338 898
338 924
338 940
338 952
338 998
339 423
339 426
339 448
339 498
339 503
339 657
339 673
339 689
339 731
339 777
339 817
339 850
340 347
340 349
340 369
340 412
340 434
340 487
340 563
340 591
340 693
340 740
340 784
340 873
340 903
340 906
340 926
340 966
341 393
341 449
341 598
341 621
341 623
341 701
341 779
341 782
341 878
341 916
341 952
341 958
341 964
341 974
341 996
342 363
342 366
342 376
342 404
342 549
342 574
342 582
342 598
342 671
342 728
342 757
342 819
342 875
342 897
343 360
343 368
343 389
343 449
343 454
343 525
343 604
343 681
343 705
343 738
343 851
343 888
343 898
343 924
344 348
344 382
344 403
344 405
344 417
344 481
344 497
344 535
344 554
344 649
344 834
344 975
345 397
345 437
345 522
345 537
345 555
345 609
345 717
345 748
345 754
345 769
345 806
345 810
345 811
345 896
345 980
346 354
346 409
346 433
346 438
346 440
346 526
346 566
346 619
346 686
346 846
346 894
346 937
346 965
347 412
347 434
347 487
347 529
347 563
347 693
347 740
347 784
347 873
347 906
347 966
348 382
348 405
348 497
348 554
348 690
348 710
348 834
348 881
348 975
349 369
349 434
349 444
349 487
349 563
349 571
349 760
349 873
349 906
350 515
350 517
350 538
350 540
350 550
350 567
350 622
350 646
350 690
350 719
350 758
350 761
350 808
350 874
350 881
350 915
350 975
351 464
351 579
351 618
351 655
351 687
351 688
351 725
351 766
351 781
351 787
351 847
351 876
351 968
351 985
351 993
352 361
352 380
352 565
352 662
352 732
352 752
352 759
352 768
352 785
352 882
352 926
352 945
352 954
353 365
353 415
353 442
353 479
353 545
353 626
353 642
353 658
353 755
353 866
354 356
354 409
354 440
354 485
354 619
354 621
354 623
354 782
354 878
354 894
354 937
354 965
354 983
355 373
355 416
355 477
355 483
355 495
355 561
355 590
355 600
355 628
355 669
355 679
355 706
355 707
355 747
355 793
355 812
355 822
355 868
355 879
355 885
355 913
355 933
356 409
356 485
356 621
356 623
356 704
356 782
356 878
356 965
356 983
357 433
357 502
357 526
357 636
357 686
357 767
357 846
357 934
358 359
358 387
358 413
358 459
358 496
358 524
358 562
358 826
358 831
358 845
358 852
358 853
358 857
358 891
358 919
358 920
358 963
358 970
359 387
359 413
359 447
359 459
359 496
359 516
359 523
359 524
359 543
359 743
359 826
359 844
359 845
359 852
359 908
359 920
359 925
359 963
360 449
360 525
360 629
360 701
360 705
360 741
360 888
360 924
360 952
360 998
361 432
361 505
361 594
361 732
361 759
361 768
361 882
361 944
362 426
362 634
362 678
362 739
362 742
362 762
362 817
363 512
363 549
363 582
363 598
363 619
363 638
363 819
363 875
363 878
363 894
363 916
363 937
363 981
364 482
364 586
364 617
364 625
364 650
364 746
364 773
364 856
364 905
364 935
364 997
365 442
365 479
365 626
365 642
365 755
365 866
366 376
366 404
366 411
366 523
366 543
366 549
366 569
366 582
366 671
366 676
366 728
366 743
366 757
366 815
366 819
366 875
366 897
367 373
367 445
367 501
367 578
367 596
367 611
367 644
367 670
367 677
367 718
367 730
367 793
367 803
367 868
367 885
367 913
367 933
367 939
367 976
368 389
368 454
368 458
368 475
368 576
368 604
368 681
368 705
368 738
368 851
368 855
368 888
368 898
369 434
369 444
369 487
369 563
369 571
369 603
369 760
369 873
369 906
370 388
370 407
370 461
370 593
370 602
370 648
370 723
370 729
370 778
370 995
371 383
371 416
371 441
371 463
371 475
371 478
371 508
371 530
371 561
371 620
371 661
371 801
371 822
371 877
371 892
372 421
372 435
372 445
372 471
372 509
372 551
372 578
372 632
372 751
372 771
372 799
372 804
372 861
372 909
372 939
372 941
372 962
373 477
373 483
373 495
373 501
373 561
373 590
373 600
373 611
373 644
373 679
373 706
373 707
373 730
373 747
373 793
373 812
373 822
373 868
373 879
373 885
373 913
373 933
373 976
374 472
374 507
374 514
374 528
374 546
374 576
374 633
374 734
374 736
374 753
374 867
374 904
374 928
374 942
374 971
374 978
374 979
375 414
375 433
375 484
375 502
375 512
375 526
375 531
375 607
375 613
375 636
375 638
375 672
375 699
375 712
375 767
375 900
375 927
375 934
376 404
376 411
376 512
376 549
376 574
376 582
376 607
376 728
376 757
376 819
376 875
376 897
377 426
377 548
377 630
377 788
377 802
377 814
377 841
377 848
378 470
378 476
378 495
378 644
378 669
378 670
378 679
378 685
378 707
378 718
378 747
378 868
378 879
378 913
379 407
379 544
379 554
379 635
379 653
379 690
379 710
379 735
379 773
379 829
379 871
379 874
379 957
380 565
380 612
380 662
380 752
380 785
380 832
380 882
380 945
381 429
381 455
381 473
381 491
381 562
381 575
381 606
381 696
381 711
381 792
381 805
381 853
381 870
381 963
381 967
381 969
382 403
382 405
382 417
382 481
382 497
382 535
382 649
382 834
382 975
383 441
383 475
383 508
383 627
383 776
383 855
383 865
383 892
383 898
383 961
384 391
384 453
384 511
384 541
384 610
384 668
384 708
384 880
384 883
384 896
384 923
384 980
384 986
385 432
385 505
385 585
385 594
385 618
385 655
385 687
385 688
385 725
385 787
385 918
385 944
385 993
386 394
386 488
386 592
386 631
386 662
386 759
386 770
386 954
386 973
387 413
387 459
387 496
387 524
387 553
387 562
387 616
387 826
387 831
387 845
387 853
387 857
387 859
387 891
387 912
387 919
387 920
387 963
387 970
388 535
388 564
388 593
388 648
388 649
388 778
388 791
388 949
388 995
389 395
389 454
389 525
389 576
389 604
389 633
389 681
389 726
389 738
389 851
389 904
389 942
390 399
390 413
390 459
390 513
390 518
390 524
390 627
390 637
390 641
390 659
390 750
390 801
390 809
390 844
390 961
390 990
391 451
391 453
391 541
391 605
391 610
391 668
391 675
391 708
391 721
391 883
391 923
391 951
391 986
392 423
392 428
392 504
392 605
392 630
392 666
392 675
392 802
392 838
392 848
392 899
392 946
393 485
393 621
393 623
393 701
393 704
393 765
393 779
393 858
393 958
393 964
393 974
393 996
394 488
394 592
394 631
394 662
394 740
394 784
394 954
394 973
395 401
395 546
395 576
395 633
395 700
395 713
395 715
395 726
395 783
395 860
395 942
396 457
396 466
396 513
396 518
396 520
396 553
396 617
396 625
396 637
396 641
396 659
396 724
396 789
396 798
396 800
396 809
396 837
396 856
396 884
396 887
396 905
396 910
396 935
396 990
397 480
397 522
397 537
397 555
397 580
397 609
397 652
397 748
397 769
397 806
397 907
397 943
398 548
398 597
398 630
398 802
398 814
398 841
398 848
398 899
399 413
399 459
399 513
399 518
399 524
399 627
399 637
399 641
399 659
399 724
399 750
399 801
399 809
399 830
399 844
399 935
399 990
400 434
400 444
400 465
400 563
400 565
400 577
400 603
400 612
400 752
400 785
400 832
400 903
400 945
401 547
401 560
401 674
401 683
401 697
401 700
401 713
401 715
401 726
401 783
401 797
401 827
401 860
401 886
401 914
402 503
402 522
402 555
402 640
402 657
402 761
402 786
402 794
402 835
402 890
402 907
402 932
402 938
403 405
403 417
403 481
403 535
403 649
403 834
403 975
404 411
404 549
404 569
404 574
404 582
404 599
404 607
404 676
404 728
404 757
404 819
404 875
404 897
405 481
405 497
405 535
405 554
405 649
405 834
405 975
406 427
406 473
406 558
406 616
406 647
406 656
406 702
406 722
406 744
406 789
406 821
406 831
406 859
406 887
406 889
406 912
406 969
406 970
406 987
407 497
407 544
407 554
407 593
407 602
407 648
407 710
407 723
407 735
407 778
407 829
407 957
407 995
408 454
408 458
408 463
408 478
408 489
408 495
408 514
408 576
408 620
408 669
408 679
408 681
408 738
408 747
408 753
408 851
408 904
408 978
409 438
409 440
409 485
409 526
409 566
409 619
409 623
409 638
409 782
409 878
409 894
409 916
409 937
409 965
409 981
409 983
410 423
410 494
410 504
410 605
410 610
410 666
410 708
410 717
410 810
410 811
410 838
410 883
410 946
410 980
411 512
411 574
411 599
411 607
411 676
411 694
411 728
411 757
411 819
411 875
411 897
412 434
412 487
412 563
412 591
412 662
412 693
412 740
412 784
412 903
412 906
412 926
412 954
412 966
413 447
413 459
413 496
413 513
413 516
413 524
413 627
413 641
413 750
413 844
413 845
413 852
413 891
413 908
413 919
413 920
413 990
414 433
414 484
414 502
414 531
414 613
414 636
414 672
414 699
414 712
414 745
414 767
414 900
414 927
414 934
415 527
415 545
415 601
415 626
415 658
416 441
416 463
416 478
416 483
416 508
416 530
416 561
416 600
416 620
416 661
416 812
416 822
416 877
416 892
417 515
417 622
417 742
417 762
417 834
417 975
418 420
418 456
418 470
418 476
418 500
418 584
418 614
418 670
418 685
418 718
418 804
418 824
418 902
418 931
419 422
419 505
419 618
419 796
419 944
419 993
420 456
420 500
420 551
420 614
420 799
420 804
420 902
420 909
420 931
421 431
421 435
421 445
421 468
421 469
421 533
421 578
421 632
421 654
421 680
421 751
421 823
421 843
421 861
421 921
421 972
422 505
422 618
422 768
422 787
422 796
422 944
422 993
423 494
423 504
423 666
423 689
423 777
423 802
423 838
423 848
423 850
423 899
423 946
424 437
424 448
424 494
424 503
424 522
424 657
424 673
424 689
424 731
424 786
424 794
424 810
424 932
425 446
425 493
425 519
425 542
425 552
425 572
425 579
425 587
425 615
425 682
425 687
425 756
425 766
425 775
425 781
425 840
425 862
425 893
425 930
425 947
425 959
426 548
426 634
426 678
426 739
426 777
426 788
426 817
427 553
427 558
427 616
427 647
427 656
427 702
427 722
427 744
427 789
427 798
427 821
427 831
427 859
427 887
427 912
427 969
427 970
428 605
428 651
428 675
428 721
428 842
428 854
428 899
429 443
429 455
429 473
429 491
429 562
429 573
429 575
429 606
429 696
429 711
429 792
429 805
429 853
429 870
429 967
430 467
430 530
430 534
430 586
430 588
430 650
430 661
430 746
430 801
430 828
430 830
430 872
430 877
430 892
430 922
431 445
431 469
431 533
431 578
431 581
431 654
431 680
431 698
431 803
431 823
431 833
431 921
431 972
432 505
432 594
432 618
432 687
432 688
432 733
432 768
432 787
432 825
432 918
432 944
433 438
433 440
433 502
433 526
433 566
433 613
433 636
433 638
433 686
433 846
433 927
433 934
433 937
434 444
434 487
434 563
434 591
434 603
434 873
434 903
434 906
434 926
434 966
435 468
435 469
435 486
435 509
435 589
435 632
435 654
435 680
435 751
435 771
435 823
435 843
435 861
435 869
435 962
436 467
436 477
436 588
436 590
436 628
436 706
436 793
436 807
436 812
436 828
436 872
436 922
437 494
437 609
437 717
437 748
437 754
437 769
437 806
437 810
437 811
437 883
437 980
438 440
438 512
438 526
438 566
438 613
438 619
438 638
438 686
438 894
438 937
438 965
438 981
439 506
439 539
439 559
439 608
439 716
439 839
439 929
439 936
439 994
440 526
440 566
440 613
440 619
440 638
440 782
440 878
440 894
440 937
440 965
441 458
441 463
441 475
441 478
441 508
441 561
441 620
441 822
441 892
442 479
442 545
442 626
442 642
442 755
442 866
443 450
443 455
443 660
443 663
443 664
443 692
443 711
443 792
443 795
443 870
443 948
443 955
443 967
444 563
444 571
444 577
444 603
444 720
444 760
444 903
445 469
445 471
445 501
445 533
445 578
445 596
445 611
445 677
445 730
445 751
445 799
445 803
445 939
445 972
445 976
446 493
446 519
446 532
446 552
446 579
446 585
446 615
446 682
446 687
446 725
446 756
446 766
446 775
446 781
446 840
446 893
446 930
446 947
446 959
446 968
447 496
447 510
447 516
447 523
447 524
447 543
447 671
447 691
447 714
447 743
447 776
447 844
447 852
447 865
447 908
447 925
447 940
447 961
448 494
448 498
448 503
448 646
448 657
448 673
448 689
448 731
448 777
448 850
449 525
449 629
449 701
449 741
449 779
449 797
449 888
449 924
449 952
449 958
449 974
450 462
450 474
450 573
450 606
450 643
450 664
450 733
450 792
450 795
450 825
450 864
450 948
450 956
450 960
451 453
451 541
451 610
451 668
451 675
451 721
451 923
451 951
451 986
452 465
452 536
452 556
452 557
452 570
452 577
452 583
452 639
452 663
452 667
452 720
452 763
452 813
452 820
453 541
453 605
453 610
453 668
453 675
453 708
453 721
453 923
453 951
453 986
454 458
454 475
454 489
454 576
454 604
454 681
454 738
454 851
454 855
454 978
455 473
455 491
455 575
455 595
455 606
455 664
455 696
455 711
455 792
455 795
455 805
455 870
455 917
455 967
456 471
456 500
456 551
456 596
456 614
456 718
456 799
456 804
456 902
456 909
456 931
457 466
457 480
457 520
457 617
457 625
457 800
457 835
457 837
457 856
457 884
457 905
457 938
458 463
458 475
458 478
458 489
458 620
458 669
458 681
458 738
458 851
458 855
459 513
459 518
459 524
459 627
459 641
459 659
459 724
459 750
459 798
459 809
459 844
459 845
459 852
459 891
459 910
459 919
459 920
459 990
460 468
460 509
460 589
460 632
460 771
460 849
460 861
460 941
460 962
461 564
461 593
461 602
461 648
461 698
461 723
461 729
461 778
461 833
461 949
461 989
461 995
462 473
462 474
462 573
462 606
462 643
462 722
462 792
462 795
462 864
462 870
462 960
462 969
462 987
463 475
463 478
463 489
463 561
463 600
463 620
463 669
463 679
463 707
463 747
463 822
464 665
464 727
464 764
464 766
464 772
464 775
464 816
464 818
464 847
464 863
464 876
464 950
464 968
464 984
464 985
465 577
465 603
465 660
465 663
465 667
465 720
465 832
465 955
466 480
466 520
466 617
466 625
466 800
466 835
466 837
466 856
466 884
466 905
466 907
466 938
467 477
467 530
467 588
467 590
467 628
467 650
467 661
467 706
467 812
467 828
467 872
467 877
467 922
468 486
468 509
468 589
468 632
468 654
468 680
468 771
468 843
468 849
468 861
468 869
468 941
469 533
469 578
469 581
469 654
469 680
469 709
469 803
469 823
469 833
469 921
469 972
470 472
470 476
470 495
470 500
470 584
470 644
470 670
470 685
470 736
470 824
470 928
470 979
471 501
471 551
471 578
471 596
471 632
471 751
471 771
471 799
471 804
471 902
471 909
471 931
471 939
471 962
471 976
472 476
472 507
472 514
472 528
472 546
472 584
472 633
472 685
472 734
472 736
472 753
472 867
472 904
472 928
472 971
472 979
473 491
473 562
473 573
473 575
473 606
473 711
473 722
473 744
473 792
473 831
473 853
473 870
473 912
473 967
473 969
473 970
473 987
474 493
474 532
474 573
474 585
474 606
474 643
474 682
474 722
474 792
474 864
474 889
474 918
474 960
474 969
474 987
475 478
475 508
475 620
475 681
475 738
475 851
475 855
475 898
476 584
476 670
476 685
476 736
476 824
476 867
476 928
476 979
477 483
477 561
477 588
477 590
477 628
477 706
477 793
477 803
477 812
477 822
477 828
477 872
477 885
477 922
477 933
478 489
478 561
478 600
478 620
478 669
478 822
479 626
479 642
479 755
479 866
480 520
480 555
480 580
480 652
480 800
480 837
480 884
480 887
480 907
480 943
481 535
481 649
482 586
482 617
482 635
482 650
482 653
482 746
482 773
482 871
482 935
482 997
483 561
483 590
483 600
483 628
483 669
483 706
483 707
483 747
483 793
483 812
483 822
483 868
483 879
483 885
483 913
483 933
484 499
484 531
484 556
484 583
484 607
484 636
484 639
484 672
484 703
484 767
484 900
484 927
484 934
485 621
485 623
485 704
485 765
485 782
485 878
485 964
485 965
485 974
485 983
485 996
486 509
486 527
486 545
486 589
486 626
486 642
486 654
486 658
486 680
486 823
486 843
486 861
486 866
486 869
487 563
487 591
487 693
487 740
487 784
487 873
487 903
487 906
487 926
487 966
488 592
488 631
488 662
488 759
488 770
488 882
488 926
488 954
488 973
489 495
489 514
489 600
489 620
489 669
489 679
489 707
489 738
489 747
489 753
489 851
489 879
489 904
489 978
490 564
490 568
490 601
490 774
490 790
490 791
490 895
490 949
490 989
491 562
491 575
491 606
491 696
491 711
491 744
491 805
491 826
491 831
491 845
491 853
491 857
491 870
491 912
491 963
491 967
491 969
491 970
492 557
492 684
492 760
492 763
492 820
493 532
493 552
493 579
493 585
493 682
493 687
493 781
493 840
493 889
493 893
493 918
493 930
493 947
493 960
494 504
494 657
494 673
494 689
494 717
494 731
494 786
494 794
494 810
494 838
494 850
494 946
495 600
495 644
495 669
495 670
495 679
495 707
495 747
495 868
495 879
495 913
495 978
496 516
496 523
496 524
496 543
496 569
496 743
496 826
496 844
496 845
496 852
496 908
496 920
496 925
496 963
497 535
497 554
497 648
497 649
497 710
497 975
497 995
498 503
498 515
498 517
498 540
498 567
498 622
498 646
498 689
498 731
498 758
498 911
498 915
499 536
499 556
499 583
499 639
499 672
499 703
499 763
499 813
499 900
500 501
500 551
500 596
500 614
500 644
500 670
500 718
500 730
500 799
500 804
500 824
500 902
500 909
500 931
500 976
501 578
501 596
501 611
501 644
501 670
501 677
501 718
501 730
501 751
501 799
501 803
501 804
501 868
501 885
501 902
501 931
501 933
501 939
501 976
502 531
502 636
502 699
502 712
502 745
502 767
502 934
502 991
503 517
503 567
503 640
503 646
503 657
503 673
503 689
503 731
503 786
503 794
503 890
503 932
504 605
504 666
504 689
504 777
504 802
504 838
504 848
504 850
504 899
504 946
505 618
505 732
505 768
505 796
505 944
506 521
506 539
506 608
506 624
506 716
506 737
506 749
506 836
506 839
506 929
506 936
506 988
506 994
506 999
507 528
507 546
507 633
507 734
507 867
507 942
507 971
508 627
508 776
508 801
508 877
508 892
508 961
509 589
509 632
509 771
509 843
509 849
509 861
509 869
509 941
509 962
510 516
510 523
510 543
510 671
510 691
510 705
510 714
510 743
510 776
510 852
510 855
510 865
510 898
510 908
510 925
510 940
510 961
510 998
511 572
511 587
511 615
511 665
511 727
511 754
511 766
511 772
511 775
511 862
511 880
511 896
511 980
511 992
512 526
512 566
512 574
512 607
512 613
512 638
512 672
512 900
512 927
512 981
513 518
513 524
513 627
513 637
513 641
513 659
513 724
513 750
513 798
513 809
513 844
513 910
513 935
513 990
514 528
514 576
514 584
514 633
514 685
514 734
514 736
514 753
514 867
514 904
514 928
514 942
514 971
514 978
514 979
515 517
515 540
515 567
515 622
515 646
515 742
515 758
515 762
515 911
515 915
516 523
516 524
516 543
516 671
516 714
516 743
516 776
516 852
516 865
516 908
516 925
516 940
517 538
517 540
517 550
517 567
517 622
517 646
517 719
517 731
517 758
517 761
517 808
517 881
517 911
517 915
518 617
518 625
518 637
518 641
518 659
518 724
518 750
518 798
518 809
518 837
518 856
518 884
518 905
518 910
518 935
518 990
519 537
519 542
519 552
519 572
519 587
519 615
519 754
519 756
519 769
519 840
519 862
519 893
519 959
520 553
520 580
520 625
520 659
520 702
520 724
520 789
520 798
520 800
520 809
520 837
520 856
520 884
520 887
520 905
520 910
521 539
521 559
521 608
521 624
521 695
521 716
521 737
521 749
521 836
521 929
522 555
522 580
522 609
522 640
522 652
522 748
522 769
522 786
522 794
522 806
522 835
522 890
522 907
522 932
522 943
523 543
523 569
523 671
523 676
523 714
523 743
523 852
523 908
523 925
524 627
524 641
524 750
524 844
524 852
524 891
524 908
524 920
524 961
524 990
525 604
525 700
525 701
525 715
525 726
525 741
525 783
525 797
525 888
525 924
526 566
526 613
526 619
526 636
526 638
526 686
526 846
526 894
526 927
526 934
526 937
526 965
527 545
527 626
527 654
527 658
527 680
527 709
527 823
527 843
527 869
527 921
528 546
528 584
528 633
528 685
528 734
528 736
528 753
528 867
528 904
528 928
528 971
528 979
529 693
529 740
529 784
530 534
530 588
530 650
530 661
530 706
530 746
530 801
530 812
530 822
530 828
530 830
530 872
530 877
530 892
530 922
531 636
531 672
531 699
531 712
531 745
531 767
531 900
531 927
531 934
531 991
532 552
532 585
532 647
532 682
532 722
532 781
532 889
532 893
532 930
532 947
532 960
532 987
533 578
533 581
533 677
533 751
533 803
533 921
533 939
533 972
534 586
534 637
534 650
534 661
534 746
534 750
534 801
534 830
534 877
534 892
535 649
536 556
536 557
536 583
536 639
536 667
536 703
536 720
536 763
536 813
536 820
537 542
537 555
537 580
537 609
537 652
537 748
537 754
537 769
537 806
537 907
537 943
537 959
538 550
538 635
538 690
538 719
538 761
538 808
538 874
538 881
538 953
539 608
539 624
539 695
539 716
539 737
539 749
539 836
539 839
539 929
539 994
540 567
540 622
540 646
540 742
540 758
540 762
540 911
540 915
541 610
541 668
541 816
541 880
541 923
541 951
541 986
542 572
542 587
542 615
542 754
542 756
542 769
542 840
542 862
542 893
542 896
542 959
543 671
543 691
543 714
543 743
543 776
543 852
543 865
543 908
543 925
543 940
544 735
544 807
544 829
544 871
544 872
544 957
544 997
545 601
545 626
545 642
545 658
545 823
545 866
545 869
546 633
546 726
546 734
546 783
546 867
546 904
546 942
546 971
547 560
547 674
547 683
547 697
547 713
547 780
547 827
547 860
547 886
547 914
547 988
547 999
548 630
548 777
548 788
548 802
548 814
548 817
548 841
548 848
549 574
549 582
549 598
549 728
549 757
549 819
549 875
549 897
549 981
550 567
550 622
550 635
550 690
550 719
550 761
550 808
550 874
550 881
550 953
551 596
551 614
551 799
551 804
551 902
551 909
551 931
551 962
552 579
552 647
552 682
552 781
552 840
552 889
552 893
552 930
552 947
552 959
552 987
553 558
553 616
553 641
553 656
553 659
553 702
553 724
553 744
553 789
553 798
553 800
553 809
553 831
553 837
553 857
553 859
553 887
553 891
553 910
553 912
553 919
553 970
554 648
554 653
554 690
554 710
554 735
554 829
554 871
554 874
554 957
555 580
555 609
555 640
555 652
555 748
555 769
555 786
555 806
555 890
555 907
555 932
555 943
556 583
556 639
556 667
556 703
556 763
556 813
556 820
557 684
557 720
557 760
557 763
557 813
557 820
558 616
558 647
558 656
558 702
558 722
558 744
558 789
558 821
558 831
558 859
558 887
558 912
558 969
558 970
559 695
559 716
559 839
560 683
560 715
560 797
560 858
560 886
560 914
560 936
560 964
560 994
561 600
561 620
561 669
561 706
561 707
561 747
561 812
561 822
561 885
561 913
561 933
562 575
562 711
562 744
562 805
562 826
562 831
562 845
562 853
562 857
562 859
562 870
562 891
562 912
562 919
562 920
562 963
562 967
562 969
562 970
563 591
563 603
563 873
563 903
563 906
563 926
563 966
564 568
564 593
564 602
564 723
564 729
564 774
564 778
564 790
564 791
564 895
564 949
564 989
565 591
565 612
565 645
565 662
565 752
565 785
565 832
565 882
565 903
565 926
565 945
566 613
566 619
566 638
566 878
566 894
566 937
566 965
566 981
567 622
567 646
567 719
567 731
567 758
567 808
567 881
567 911
567 915
568 601
568 774
568 790
568 791
568 895
568 949
568 989
569 676
569 696
569 728
569 757
569 805
569 815
569 897
569 917
569 963
570 583
570 595
570 639
570 660
570 663
570 667
570 692
570 694
570 955
570 977
571 760
571 873
572 587
572 615
572 665
572 727
572 754
572 756
572 766
572 775
572 840
572 862
572 880
572 896
572 959
572 992
573 606
573 643
573 722
573 792
573 795
573 864
573 870
573 960
573 969
573 987
574 582
574 599
574 607
574 728
574 757
574 819
574 875
574 897
575 606
575 711
575 722
575 744
575 792
575 805
575 826
575 831
575 853
575 857
575 870
575 912
575 963
575 967
575 969
575 970
576 604
576 633
576 681
576 726
576 738
576 753
576 851
576 904
576 942
576 978
577 603
577 612
577 660
577 663
577 667
577 720
577 832
577 955
578 596
578 611
578 677
578 730
578 751
578 799
578 803
578 939
578 972
578 976
579 585
579 615
579 682
579 687
579 688
579 725
579 756
579 766
579 775
579 781
579 840
579 893
579 930
579 947
579 959
579 968
580 609
580 652
580 769
580 800
580 806
580 821
580 907
580 943
581 698
581 803
581 833
581 921
581 972
582 598
582 728
582 757
582 819
582 875
582 897
582 981
583 639
583 667
583 703
583 763
583 813
583 820
584 685
584 734
584 736
584 753
584 824
584 867
584 928
584 971
584 979
585 594
585 643
585 682
585 687
585 688
585 781
585 864
585 918
585 930
585 947
585 960
586 617
586 637
586 650
586 746
586 773
586 801
586 830
586 935
586 997
587 615
587 665
587 727
587 754
587 756
587 766
587 775
587 840
587 862
587 880
587 896
587 959
587 992
588 590
588 628
588 650
588 661
588 706
588 793
588 812
588 828
588 872
588 877
588 922
589 632
589 771
589 843
589 849
589 861
589 869
589 941
589 962
590 628
590 706
590 793
590 803
590 812
590 828
590 872
590 885
590 922
590 933
591 662
591 693
591 740
591 752
591 784
591 903
591 926
591 954
591 966
592 631
592 662
592 759
592 770
592 954
592 973
593 602
593 648
593 723
593 729
593 778
593 791
593 949
593 989
593 995
594 618
594 687
594 688
594 733
594 787
594 825
594 918
594 944
595 599
595 692
595 694
595 696
595 815
595 917
595 977
596 611
596 614
596 644
596 670
596 677
596 718
596 730
596 751
596 799
596 804
596 902
596 909
596 931
596 939
596 976
597 814
597 841
597 901
597 982
598 619
598 623
598 638
598 819
598 875
598 878
598 894
598 916
598 937
598 981
598 996
599 607
599 694
599 917
599 977
600 620
600 669
600 679
600 707
600 747
600 812
600 822
600 868
600 879
600 885
600 913
600 933
601 658
601 774
601 790
601 895
601 949
602 648
602 698
602 723
602 729
602 778
602 807
602 833
602 989
602 995
603 720
603 832
603 903
604 681
604 738
604 851
604 888
605 610
605 666
605 675
605 708
605 721
605 883
605 899
605 986
606 643
606 711
606 722
606 792
606 795
606 870
606 960
606 967
606 969
606 987
607 638
607 672
607 728
607 757
607 897
607 900
607 927
608 624
608 695
608 716
608 737
608 749
608 836
608 839
608 929
608 994
609 652
609 748
609 769
609 806
609 811
609 907
609 943
610 668
610 675
610 708
610 721
610 883
610 923
610 951
610 986
611 644
611 670
611 677
611 718
611 730
611 751
611 803
611 868
611 885
611 902
611 913
611 933
611 939
611 976
612 645
612 660
612 752
612 785
612 832
612 945
612 948
612 956
613 619
613 636
613 638
613 672
613 894
613 927
613 934
613 937
614 670
614 718
614 799
614 804
614 824
614 902
614 909
614 931
615 665
615 727
615 754
615 756
615 766
615 775
615 840
615 862
615 893
615 896
615 959
615 992
616 656
616 702
616 724
616 744
616 789
616 798
616 821
616 831
616 857
616 859
616 887
616 891
616 910
616 912
616 919
616 970
617 625
617 637
617 773
617 809
617 837
617 856
617 884
617 905
617 935
618 655
618 688
618 725
618 787
618 796
618 876
618 944
618 993
619 623
619 638
619 782
619 878
619 894
619 916
619 937
619 965
619 981
620 669
620 822
621 623
621 704
621 765
621 779
621 782
621 858
621 878
621 958
621 964
621 974
621 983
621 996
622 646
622 758
622 762
622 808
622 881
622 911
622 915
623 704
623 765
623 779
623 782
623 878
623 894
623 916
623 958
623 965
623 974
623 981
623 983
623 996
624 695
624 716
624 737
624 749
624 836
624 929
625 637
625 659
625 724
625 800
625 809
625 837
625 856
625 884
625 905
625 910
625 935
626 642
626 658
626 755
626 866
626 869
627 637
627 641
627 750
627 801
627 844
627 961
627 990
628 706
628 793
628 803
628 812
628 828
628 872
628 885
628 922
629 705
629 888
629 924
629 952
629 958
629 998
630 802
630 814
630 841
630 848
630 899
631 759
631 770
631 954
631 973
632 751
632 771
632 799
632 843
632 849
632 861
632 941
632 962
633 726
633 734
633 753
633 867
633 904
633 942
633 971
634 678
634 739
634 742
634 762
634 817
634 911
635 653
635 690
635 710
635 719
635 761
635 773
635 808
635 829
635 871
635 874
635 881
635 953
636 672
636 699
636 712
636 745
636 767
636 900
636 927
636 934
637 641
637 659
637 724
637 746
637 750
637 801
637 809
637 830
637 856
637 910
637 935
637 990
638 894
638 927
638 937
638 981
639 667
639 703
639 763
639 813
639 820
640 657
640 761
640 786
640 794
640 835
640 890
640 907
640 932
640 938
641 659
641 724
641 750
641 798
641 809
641 844
641 856
641 891
641 910
641 919
641 920
641 935
641 990
642 755
642 843
642 866
642 869
643 733
643 792
643 795
643 825
643 864
643 918
643 956
643 960
643 987
644 670
644 679
644 707
644 718
644 730
644 747
644 868
644 879
644 902
644 913
644 931
644 933
644 976
645 660
645 664
645 785
645 795
645 825
645 832
645 945
645 948
645 956
646 719
646 731
646 758
646 808
646 911
646 915
647 656
647 702
647 722
647 821
647 889
648 710
648 723
648 735
648 778
648 829
648 995
650 661
650 746
650 773
650 828
650 830
650 872
650 922
650 997
651 842
651 854
651 901
651 982
652 769
652 800
652 806
652 907
652 943
653 690
653 710
653 735
653 773
653 829
653 871
653 874
653 957
653 997
654 680
654 709
654 823
654 833
654 843
654 869
654 921
654 972
655 687
655 688
655 725
655 787
655 847
655 876
655 968
655 985
655 993
656 702
656 722
656 744
656 789
656 798
656 821
656 831
656 859
656 887
656 912
656 969
656 970
657 673
657 689
657 731
657 786
657 794
657 932
658 709
658 823
659 724
659 750
659 789
659 798
659 809
659 837
659 856
659 910
659 935
659 990
660 663
660 664
660 692
660 795
660 832
660 948
660 955
661 746
661 801
661 812
661 822
661 828
661 830
661 872
661 877
661 892
661 922
662 752
662 882
662 903
662 926
662 954
662 966
663 664
663 667
663 692
663 813
663 955
663 977
664 692
664 792
664 795
664 948
664 955
664 956
665 727
665 764
665 766
665 772
665 775
665 816
665 818
665 862
665 880
665 896
665 950
665 984
665 992
666 777
666 802
666 838
666 848
666 850
666 899
666 946
667 692
667 720
667 763
667 813
667 820
667 955
668 675
668 721
668 923
668 951
668 986
669 679
669 707
669 747
669 868
669 879
669 913
669 978
670 718
670 730
670 804
670 824
670 868
670 879
670 902
670 931
670 976
671 691
671 714
671 743
671 865
671 908
671 925
671 940
671 998
672 767
672 900
672 927
672 934
673 689
673 731
673 786
673 794
673 810
673 932
674 683
674 697
674 713
674 780
674 827
674 860
674 914
674 988
674 999
675 708
675 721
675 951
675 986
676 696
676 728
676 757
676 815
676 897
676 917
677 730
677 751
677 793
677 803
677 885
677 933
677 939
677 972
677 976
678 739
678 742
678 758
678 762
678 817
678 911
679 707
679 747
679 868
679 879
679 913
679 978
680 709
680 823
680 833
680 843
680 869
680 921
680 972
681 738
681 851
681 855
681 898
682 687
682 781
682 840
682 889
682 893
682 918
682 930
682 947
682 960
683 697
683 713
683 780
683 827
683 860
683 886
683 914
683 988
683 999
684 699
684 703
684 712
684 745
684 763
684 767
684 991
685 736
685 753
685 824
685 867
685 928
685 979
686 846
687 688
687 725
687 781
687 787
687 918
687 930
687 947
688 725
688 781
688 787
688 847
688 876
688 918
688 930
688 944
688 947
688 968
688 985
688 993
689 731
689 777
689 838
689 850
689 946
690 710
690 719
690 761
690 808
690 874
690 881
690 953
691 705
691 714
691 743
691 776
691 855
691 865
691 898
691 908
691 925
691 940
691 998
692 694
692 955
692 977
693 740
693 784
693 906
693 926
693 966
694 696
694 917
694 977
695 716
695 737
695 749
695 836
695 929
696 711
696 805
696 815
696 826
696 917
696 963
696 967
697 713
697 783
697 827
697 860
697 914
698 723
698 729
698 807
698 833
699 712
699 745
699 767
699 934
699 991
700 713
700 715
700 726
700 741
700 783
700 797
700 860
700 942
701 741
701 779
701 797
701 858
701 888
701 924
701 952
701 958
701 964
701 974
701 996
702 744
702 789
702 798
702 800
702 821
702 831
702 859
702 887
702 910
702 912
702 970
703 763
703 813
703 820
703 900
704 765
704 779
704 782
704 858
704 964
704 974
704 983
704 996
705 855
705 865
705 888
705 898
705 924
705 940
705 952
705 998
706 793
706 812
706 822
706 828
706 872
706 885
706 922
706 933
707 747
707 868
707 879
707 885
707 913
707 933
708 717
708 883
708 923
708 980
708 986
709 729
709 823
709 833
709 921
709 989
710 735
710 829
710 871
710 874
710 957
711 792
711 805
711 853
711 870
711 917
711 963
711 967
712 745
712 767
712 934
712 991
713 715
713 726
713 783
713 827
713 860
713 914
714 743
714 776
714 852
714 865
714 908
714 925
714 940
715 726
715 741
715 783
715 797
715 860
715 886
716 737
716 749
716 836
716 839
716 929
716 994
717 748
717 754
717 810
717 811
717 883
717 896
717 980
718 730
718 799
718 804
718 824
718 868
718 902
718 909
718 931
718 976
719 761
719 808
719 835
719 874
719 881
719 938
719 953
720 760
720 763
720 813
720 820
721 923
721 951
721 986
722 744
722 792
722 831
722 853
722 859
722 889
722 912
722 969
722 970
722 987
723 729
723 778
723 807
723 833
723 989
723 995
724 789
724 798
724 800
724 809
724 837
724 856
724 887
724 891
724 910
724 935
724 990
725 766
725 781
725 787
725 847
725 876
725 930
725 947
725 968
725 985
725 993
726 783
726 797
726 860
726 942
727 764
727 766
727 772
727 775
727 816
727 818
727 862
727 863
727 880
727 896
727 950
727 984
727 992
728 757
728 815
728 819
728 875
728 897
729 778
729 833
729 989
729 995
730 751
730 803
730 804
730 868
730 885
730 902
730 913
730 933
730 939
730 976
731 786
731 794
732 759
732 768
732 770
732 882
733 825
733 864
733 918
733 948
733 956
733 960
734 736
734 753
734 867
734 928
734 942
734 971
734 979
735 807
735 829
735 871
735 957
735 995
736 753
736 824
736 867
736 928
736 971
736 979
737 749
737 836
737 929
737 994
737 999
738 851
738 904
738 978
739 742
739 762
739 817
739 911
740 784
740 906
740 926
740 966
741 779
741 797
741 858
741 888
741 924
741 958
741 974
742 758
742 762
742 911
742 915
743 776
743 852
743 865
743 908
743 925
743 940
744 789
744 821
744 831
744 853
744 857
744 859
744 912
744 919
744 969
744 970
744 987
745 767
745 934
745 991
746 801
746 830
746 877
746 935
746 997
747 868
747 879
747 885
747 913
747 933
747 978
748 754
748 769
748 806
748 810
748 811
749 836
749 929
750 801
750 830
750 844
750 961
750 990
751 771
751 799
751 909
751 939
751 962
751 972
751 976
752 785
752 832
752 882
752 926
752 945
753 904
753 942
753 971
753 978
753 979
754 756
754 769
754 811
754 862
754 880
754 896
754 980
754 992
755 866
756 766
756 775
756 840
756 862
756 893
756 930
756 959
756 992
757 815
757 819
757 875
757 897
758 762
758 911
758 915
759 768
759 770
759 882
759 954
759 973
761 808
761 835
761 874
761 881
761 890
761 938
761 953
762 817
762 911
762 915
763 813
763 820
764 766
764 772
764 775
764 816
764 818
764 863
764 950
764 968
764 984
764 992
765 779
765 839
765 858
765 936
765 964
765 974
766 772
766 775
766 840
766 847
766 862
766 876
766 950
766 968
766 984
766 985
766 992
767 900
767 927
767 934
767 991
768 770
768 882
768 944
769 806
769 811
769 907
769 943
770 882
770 954
770 973
771 799
771 849
771 861
771 941
771 962
772 775
772 816
772 818
772 847
772 863
772 950
772 968
772 984
772 985
772 992
773 871
773 957
773 997
774 790
774 791
774 895
774 949
774 989
775 840
775 862
775 950
775 968
775 985
775 992
776 852
776 855
776 865
776 898
776 908
776 925
776 940
776 961
777 802
777 838
777 848
777 850
777 946
778 791
778 949
778 989
778 995
779 858
779 952
779 958
779 964
779 974
779 996
780 827
780 914
780 988
780 999
781 840
781 893
781 918
781 930
781 947
781 968
782 878
782 894
782 916
782 937
782 965
782 983
782 996
783 797
783 860
783 942
784 906
784 926
784 966
785 832
785 882
785 945
785 948
785 956
786 794
786 806
786 810
786 835
786 890
786 932
787 796
787 847
787 876
787 944
787 985
787 993
788 802
788 814
788 848
789 798
789 800
789 809
789 821
789 831
789 837
789 859
789 887
789 891
789 910
789 912
789 919
789 970
790 791
790 895
790 949
790 989
791 895
791 949
791 989
792 795
792 864
792 870
792 960
792 967
792 969
792 987
793 803
793 812
793 828
793 872
793 885
793 922
793 933
794 835
794 890
794 932
795 864
795 948
795 955
795 956
796 944
796 993
797 858
797 886
798 800
798 809
798 831
798 837
798 859
798 887
798 891
798 910
798 919
799 804
799 902
799 909
799 931
799 939
799 962
799 976
800 809
800 837
800 856
800 884
800 887
800 905
800 910
801 830
801 877
801 892
802 814
802 838
802 841
802 848
802 850
802 899
802 946
803 933
803 939
803 972
803 976
804 902
804 909
804 931
804 962
804 976
805 815
805 826
805 853
805 870
805 917
805 963
805 967
806 810
806 811
806 890
806 907
806 932
806 943
807 872
807 957
808 874
808 881
808 953
809 837
809 856
809 884
809 910
809 935
809 990
810 811
810 883
810 980
811 883
811 896
811 980
812 822
812 828
812 877
812 885
812 922
812 933
813 820
814 841
814 848
815 826
815 917
815 963
816 818
816 863
816 950
816 984
817 911
818 863
818 950
818 984
819 875
819 897
819 981
821 859
821 887
822 877
822 892
823 833
823 843
823 869
823 921
824 902
824 928
824 931
825 864
825 918
825 948
825 956
826 845
826 853
826 857
826 891
826 919
826 920
826 963
826 970
827 860
827 914
827 988
827 999
828 872
828 877
828 922
829 871
829 874
829 957
830 877
830 892
830 935
831 845
831 853
831 857
831 859
831 887
831 891
831 912
831 919
831 920
831 969
831 970
832 945
832 948
833 921
833 989
834 975
835 890
835 907
835 932
835 938
835 953
836 929
837 856
837 884
837 887
837 905
837 910
838 848
838 850
838 899
838 946
839 929
839 936
839 994
840 862
840 893
840 930
840 947
840 959
841 848
841 899
842 854
842 901
842 982
843 861
843 866
843 869
844 852
844 891
844 908
844 920
844 961
844 990
845 853
845 857
845 891
845 919
845 920
845 963
845 970
847 876
847 968
847 985
847 993
848 850
848 899
849 861
849 941
849 962
850 899
850 946
851 978
852 908
852 920
852 925
852 961
853 857
853 859
853 870
853 891
853 912
853 919
853 963
853 967
853 969
853 970
854 901
855 865
855 898
855 940
856 884
856 905
856 910
856 935
857 859
857 891
857 912
857 919
857 920
857 963
857 970
858 886
858 936
858 964
858 974
859 887
859 891
859 912
859 919
859 969
859 970
860 914
861 869
861 941
861 962
862 880
862 896
862 959
862 992
863 950
863 984
864 918
864 956
864 960
864 987
865 898
865 908
865 925
865 940
865 961
866 869
867 928
867 971
867 979
868 879
868 885
868 913
868 933
868 976
870 967
870 969
871 874
871 957
871 997
872 922
873 906
873 966
874 881
874 953
875 897
875 981
876 968
876 985
876 993
877 892
877 922
878 894
878 916
878 937
878 958
878 965
878 981
878 983
878 996
879 885
879 913
879 933
880 896
880 923
880 980
880 992
881 953
882 926
882 954
883 980
883 986
884 905
884 910
884 935
885 913
885 933
885 976
886 914
886 936
886 964
886 994
887 910
888 924
888 952
889 947
889 960
889 969
889 987
890 907
890 932
890 938
890 943
891 912
891 919
891 920
891 970
893 930
893 959
894 916
894 937
894 965
894 981
895 949
895 989
896 980
896 992
898 940
899 946
900 927
900 934
901 982
902 909
902 931
902 976
903 926
903 966
904 942
904 971
904 978
905 935
906 966
907 932
907 943
908 925
908 940
908 961
909 931
909 962
910 990
911 915
912 919
912 969
912 970
913 933
914 988
914 999
916 937
916 958
916 981
916 996
917 963
917 977
918 930
918 947
918 960
919 920
919 970
921 972
923 951
923 986
924 952
924 998
925 940
926 954
926 966
927 934
928 971
928 979
929 994
930 947
930 959
930 968
931 976
932 938
933 976
935 990
936 988
936 994
937 965
937 981
938 953
939 972
939 976
940 998
941 962
944 993
945 948
945 956
948 956
949 989
950 984
950 992
951 986
952 958
952 998
954 973
955 977
957 997
958 974
958 996
960 987
964 974
964 996
965 983
968 985
969 970
969 987
971 979
974 996
981 996
985 993
988 994
988 999
