1 98
1 114
1 119
1 135
1 217
1 244
1 249
1 261
1 284
1 305
1 329
2 119
2 135
2 178
2 249
2 305
3 101
3 108
3 221
3 292
3 353
4 49
4 56
4 84
4 90
4 122
4 145
4 212
4 227
4 248
4 277
4 297
4 306
4 322
4 364
4 392
5 10
5 67
5 97
5 127
5 144
5 158
5 220
5 235
5 247
5 251
5 253
5 289
5 304
5 323
5 350
5 357
6 28
6 43
6 44
6 153
6 156
6 157
6 197
6 208
6 228
6 234
6 265
6 294
6 337
7 16
7 19
7 81
7 107
7 109
7 117
7 174
7 190
7 201
7 299
8 22
8 128
8 179
8 216
8 236
8 269
8 290
8 358
9 20
9 34
9 48
9 79
9 120
9 195
9 230
9 280
9 340
9 349
9 362
9 380
9 381
9 396
9 400
10 138
10 158
10 200
10 220
10 247
10 304
10 357
11 66
11 70
11 133
11 171
11 229
11 341
11 359
11 387
11 393
12 15
12 17
12 73
12 240
12 343
12 385
13 21
13 30
13 35
13 68
13 74
13 80
13 94
13 180
13 191
13 207
13 218
13 259
13 361
13 382
14 103
14 118
14 188
14 311
14 312
14 366
14 394
15 17
15 73
15 89
15 105
15 240
15 385
16 19
16 81
16 107
16 109
16 115
16 117
16 126
16 174
16 190
16 201
16 206
16 303
17 41
17 45
17 76
17 89
17 155
17 165
17 222
17 240
17 339
17 385
17 390
18 24
18 93
18 132
18 160
18 173
19 26
19 109
19 115
19 117
19 126
19 174
19 190
19 201
19 206
19 303
20 24
20 34
20 48
20 120
20 280
20 298
20 340
20 349
20 381
21 30
21 35
21 68
21 72
21 74
21 80
21 94
21 98
21 180
21 181
21 191
21 207
21 218
21 259
21 261
21 317
21 361
21 382
22 128
22 176
22 199
22 216
22 290
22 358
23 57
23 129
23 231
23 321
23 347
24 93
24 132
24 160
24 173
24 298
25 52
25 140
25 178
25 189
25 295
25 315
25 328
25 333
25 348
26 91
26 115
26 154
26 213
26 283
26 303
27 53
27 66
27 71
27 124
27 281
27 318
27 386
27 398
28 44
28 58
28 157
28 192
28 228
28 234
28 294
28 321
28 337
28 367
29 42
29 87
29 147
29 388
30 35
30 68
30 74
30 80
30 94
30 180
30 191
30 207
30 218
30 259
30 261
30 361
30 382
31 51
31 82
31 86
31 159
31 176
31 226
31 237
31 365
31 378
32 70
32 99
32 162
32 171
32 203
32 263
32 271
32 320
32 330
32 393
33 41
33 82
33 86
33 176
33 216
33 269
33 290
33 293
33 343
33 345
33 358
33 378
33 385
34 48
34 79
34 120
34 195
34 280
34 340
34 349
34 362
34 377
34 381
34 400
35 68
35 72
35 74
35 80
35 94
35 180
35 181
35 191
35 214
35 218
35 259
35 261
35 317
35 361
35 382
36 60
36 64
36 75
36 285
36 376
36 395
36 399
37 125
37 130
37 152
37 166
37 185
37 200
37 215
37 255
37 357
38 103
38 118
38 188
38 211
38 308
38 311
38 312
38 394
39 71
39 124
39 194
39 258
39 260
39 281
39 288
39 398
40 121
40 233
40 264
40 327
41 45
41 82
41 86
41 159
41 165
41 176
41 293
41 307
41 339
41 343
41 345
41 385
42 87
42 147
42 174
42 190
42 299
42 374
42 388
43 96
43 197
43 225
43 234
43 265
43 282
43 291
43 294
43 332
43 337
44 58
44 85
44 129
44 157
44 208
44 228
44 234
44 254
44 337
45 86
45 155
45 165
45 222
45 307
45 339
45 343
45 345
46 60
46 148
47 111
47 163
47 170
47 177
47 316
47 355
47 373
47 397
48 120
48 149
48 195
48 280
48 298
48 340
48 349
48 381
49 107
49 145
49 201
49 206
49 246
49 248
49 306
49 364
49 389
50 91
50 92
50 126
50 154
50 213
50 214
50 283
50 303
50 309
51 82
51 196
51 199
51 226
51 237
51 378
52 83
52 178
52 295
52 328
52 331
52 333
52 348
53 71
53 124
53 151
53 281
53 318
53 386
54 59
54 64
54 110
54 123
54 143
54 183
54 252
54 274
54 287
54 373
55 67
55 127
55 158
55 235
55 247
55 251
55 350
56 63
56 84
56 277
56 324
56 384
57 102
57 231
57 250
57 347
57 374
58 85
58 129
58 157
58 228
58 234
58 254
59 123
59 131
59 143
59 183
59 252
59 274
59 287
59 373
60 75
60 148
60 285
60 376
61 69
61 111
61 131
61 143
61 167
61 170
61 177
61 268
61 296
61 355
61 368
62 173
62 198
62 319
62 338
62 377
63 140
63 149
63 315
63 324
63 384
64 75
64 110
64 183
64 285
64 326
64 399
65 76
65 89
65 150
65 169
65 188
65 245
65 270
65 296
65 311
66 70
66 99
66 124
66 133
66 171
66 203
66 229
66 271
66 281
66 318
66 341
66 387
66 393
67 127
67 235
67 247
67 251
67 253
67 323
67 350
67 354
68 72
68 74
68 80
68 94
68 98
68 180
68 181
68 191
68 207
68 218
68 259
68 261
68 317
68 361
68 382
69 111
69 131
69 167
69 268
69 296
69 311
69 368
70 99
70 133
70 162
70 171
70 203
70 263
70 271
70 281
70 387
70 393
71 124
71 194
71 281
71 318
71 386
71 398
72 80
72 94
72 180
72 181
72 191
72 214
72 218
72 259
72 261
72 317
72 361
72 382
73 105
73 142
73 146
73 210
73 219
73 240
73 385
74 80
74 94
74 98
74 180
74 191
74 207
74 218
74 259
74 261
74 361
74 382
75 285
75 395
75 399
76 89
76 155
76 222
76 245
76 270
76 366
76 390
77 96
77 193
77 196
77 273
77 291
77 294
77 346
77 367
78 88
78 241
78 288
78 320
78 325
78 330
79 195
79 230
79 362
79 380
79 396
79 400
80 94
80 180
80 191
80 218
80 259
80 361
80 382
81 107
81 117
81 174
81 190
81 201
81 299
81 300
82 86
82 159
82 176
82 199
82 216
82 226
82 237
82 293
82 343
82 345
82 378
83 132
83 182
83 295
83 331
84 122
84 212
84 277
84 297
84 322
84 364
84 380
84 392
85 153
85 157
85 204
85 209
85 228
85 254
85 267
85 313
86 159
86 165
86 176
86 293
86 307
86 339
86 343
86 345
86 365
86 378
87 147
87 388
88 194
88 241
88 288
88 320
88 325
88 330
89 169
89 222
89 245
89 270
89 390
90 122
90 145
90 186
90 212
90 227
90 257
90 297
90 322
90 360
90 389
90 392
91 154
91 283
91 303
92 126
92 201
92 206
92 213
92 306
92 309
92 364
93 160
93 173
93 233
93 319
94 180
94 181
94 191
94 218
94 259
94 261
94 317
94 361
94 382
95 139
95 163
95 286
95 292
95 352
95 397
96 193
96 196
96 273
96 291
96 294
96 332
96 346
96 367
97 127
97 144
97 220
97 235
97 247
97 251
97 253
97 289
97 304
97 323
98 119
98 135
98 180
98 189
98 218
98 261
98 284
98 305
98 329
99 133
99 162
99 171
99 203
99 263
99 271
99 320
99 330
99 393
100 162
100 171
100 203
100 263
100 387
101 108
101 221
102 250
102 300
102 374
103 118
103 188
103 311
103 312
103 394
104 112
104 187
104 202
104 243
104 276
104 356
104 372
104 391
105 142
105 146
105 172
105 240
106 175
106 184
106 223
106 239
106 256
106 262
106 264
106 301
106 336
106 351
107 117
107 201
107 206
107 299
107 300
108 353
109 115
109 117
109 147
109 174
109 190
110 123
110 183
110 232
110 326
110 376
111 131
111 164
111 167
111 170
111 177
111 268
111 296
111 355
111 368
112 134
112 243
112 276
112 356
112 391
113 376
114 119
114 217
114 244
114 249
114 284
114 329
115 117
115 303
116 224
116 258
116 334
116 370
116 395
117 126
117 174
117 190
117 201
117 206
117 303
118 188
118 312
118 394
118 396
119 135
119 217
119 244
119 249
119 284
119 305
119 329
120 149
120 195
120 280
120 298
120 324
120 340
120 348
120 381
121 233
121 264
121 327
121 351
122 145
122 186
122 212
122 227
122 257
122 277
122 297
122 322
122 360
122 364
122 392
123 143
123 183
123 274
123 287
123 373
124 133
124 194
124 281
124 318
124 386
124 398
125 130
125 138
125 144
125 152
125 166
125 200
125 215
125 220
125 255
125 357
126 201
126 206
126 213
126 283
126 303
126 306
126 309
127 158
127 235
127 247
127 251
127 253
127 323
127 350
128 176
128 199
128 216
128 290
128 358
129 228
129 254
129 347
130 137
130 144
130 152
130 166
130 185
130 200
130 215
130 220
130 255
130 304
130 357
131 143
131 167
131 177
131 268
131 296
131 355
131 368
131 373
132 160
132 182
132 331
133 171
133 203
133 229
133 263
133 271
133 281
133 318
133 341
133 387
133 393
134 243
134 314
134 379
134 391
135 249
135 305
135 329
136 153
136 205
136 209
136 275
136 278
136 313
136 335
137 141
137 144
137 185
137 236
137 289
138 158
138 166
138 200
138 215
138 220
138 255
138 304
138 357
139 175
139 223
139 239
139 242
139 286
139 314
139 344
139 379
140 149
140 189
140 214
140 315
140 317
140 324
140 328
140 348
140 384
141 142
141 210
141 219
141 236
141 310
141 334
141 363
141 375
142 179
142 210
142 219
142 236
142 269
142 310
142 334
142 363
142 375
143 167
143 287
143 355
143 368
143 373
144 152
144 166
144 200
144 215
144 220
144 255
144 289
144 304
144 323
144 357
145 227
145 246
145 248
145 257
145 322
145 364
145 389
146 172
146 252
146 274
146 310
147 174
147 190
147 388
148 376
149 280
149 295
149 315
149 324
149 348
149 381
150 169
150 172
150 245
150 270
150 287
151 359
152 166
152 185
152 215
152 255
153 156
153 157
153 197
153 204
153 205
153 208
153 209
153 267
153 278
153 313
153 335
154 213
154 283
154 303
155 165
155 186
155 222
155 339
155 366
155 390
156 157
156 197
156 205
156 208
156 209
156 278
156 335
157 197
157 204
157 208
157 209
157 228
157 234
157 337
158 247
158 304
159 165
159 176
159 226
159 237
159 307
159 339
159 343
159 345
159 365
159 378
160 173
160 182
161 221
161 286
161 314
161 383
162 171
162 203
162 263
162 387
163 170
163 177
163 232
163 292
163 316
163 352
163 353
163 355
163 397
164 170
164 184
164 262
164 279
164 302
164 316
164 371
165 293
165 307
165 339
165 343
165 345
166 200
166 215
166 220
166 255
166 304
166 357
167 177
167 268
167 296
167 355
167 368
167 373
168 198
168 211
168 266
168 272
168 279
168 302
168 308
168 369
169 172
169 245
169 270
170 177
170 316
170 355
170 368
170 371
171 203
171 263
171 271
171 341
171 387
171 393
172 245
172 252
172 287
173 319
173 349
174 190
174 299
174 388
175 184
175 223
175 239
175 242
175 256
175 262
175 301
175 336
175 344
175 379
176 199
176 216
176 290
176 293
176 343
176 345
176 358
176 378
177 316
177 355
177 368
177 373
178 295
178 328
178 331
178 333
179 210
179 219
179 236
179 240
179 269
179 358
180 181
180 191
180 207
180 218
180 259
180 261
180 317
180 361
180 382
181 189
181 191
181 214
181 218
181 261
181 317
181 361
182 331
183 252
183 274
183 287
183 399
184 223
184 239
184 256
184 262
184 301
184 316
184 336
184 371
185 215
185 363
186 212
186 222
186 227
186 257
186 297
186 360
186 366
186 390
187 202
187 243
187 276
187 344
187 356
187 372
187 379
188 311
188 312
188 366
188 394
189 261
189 315
189 317
189 328
189 333
190 299
191 218
191 259
191 261
191 317
191 361
191 382
192 231
192 234
192 321
192 346
192 367
193 273
193 291
193 332
194 241
194 260
194 271
194 281
194 288
194 320
194 325
195 230
195 280
195 340
195 349
195 362
195 380
195 381
195 396
195 400
196 199
196 226
196 273
196 346
196 367
197 208
197 225
197 234
197 265
197 278
197 337
198 211
198 264
198 266
198 272
198 279
198 302
198 308
198 338
198 369
199 216
199 226
199 290
199 358
199 378
200 215
200 220
200 255
200 304
200 357
201 206
201 248
201 306
202 243
202 276
202 344
202 356
202 372
202 379
203 263
203 271
203 387
203 393
204 209
204 254
204 267
204 313
205 208
205 209
205 275
205 278
205 313
205 335
206 248
206 306
206 309
206 364
207 218
207 259
207 284
207 382
208 209
208 234
208 278
208 335
208 337
209 267
209 275
209 278
209 313
209 335
210 219
210 236
210 269
210 310
210 363
210 375
211 272
211 279
211 302
211 308
212 227
212 230
212 257
212 277
212 297
212 322
212 360
212 380
212 392
213 283
213 303
213 309
214 317
214 384
215 220
215 255
215 357
216 269
216 290
216 293
216 343
216 345
216 358
216 378
217 244
217 249
217 284
217 329
218 259
218 261
218 317
218 361
218 382
219 236
219 269
219 310
219 334
219 363
219 375
220 247
220 255
220 289
220 304
220 323
220 357
221 286
221 292
221 383
222 270
222 366
222 390
223 239
223 256
223 262
223 301
223 336
223 371
224 258
224 334
224 370
225 238
225 265
225 282
225 291
225 294
225 332
225 354
226 237
226 378
227 257
227 297
227 322
227 360
227 364
227 389
227 392
228 234
228 254
228 337
229 341
229 359
229 387
230 277
230 297
230 362
230 380
230 396
231 321
231 346
231 347
231 367
232 326
232 353
233 338
234 294
234 337
235 247
235 251
235 253
235 289
235 323
235 350
236 269
236 363
236 375
237 365
237 378
238 282
238 354
239 242
239 256
239 262
239 301
239 344
239 372
239 379
240 385
241 260
241 288
241 320
241 325
241 330
242 286
242 314
242 344
242 379
243 276
243 356
243 372
243 391
244 249
244 284
244 329
245 270
246 300
246 307
246 365
246 389
247 251
247 253
247 289
247 304
247 323
247 350
248 306
248 364
249 284
249 305
249 329
250 299
250 300
250 374
251 253
251 323
251 350
251 354
252 274
252 287
252 399
253 289
253 323
253 350
255 304
255 357
256 262
256 301
256 336
256 344
256 351
257 297
257 322
257 360
257 389
258 260
258 370
258 395
258 398
259 261
259 361
259 382
260 288
260 325
261 317
262 301
262 316
262 336
262 371
263 271
263 387
263 393
264 266
264 272
264 301
264 327
264 336
264 351
264 369
265 282
265 291
265 294
265 332
265 354
266 272
266 338
266 369
267 275
267 313
268 296
268 311
268 368
269 358
270 366
270 390
271 281
271 288
271 320
271 330
271 393
272 279
272 302
272 308
272 338
272 369
273 291
273 294
273 346
273 367
274 287
274 399
275 313
275 335
276 356
276 372
276 391
277 297
277 322
277 380
277 392
278 335
279 302
279 308
279 369
280 298
280 340
280 349
280 381
281 318
281 386
281 393
282 291
282 332
282 354
283 303
283 309
284 329
285 395
285 399
286 314
286 379
286 383
288 320
288 325
288 330
289 323
290 358
291 294
291 332
291 346
291 367
292 352
292 353
292 397
293 339
293 343
293 345
293 358
293 378
293 385
294 332
294 337
294 346
294 367
295 315
295 328
295 331
295 333
295 348
296 311
296 368
297 322
297 360
297 380
297 392
298 340
298 349
298 381
299 374
300 365
300 389
301 336
301 351
302 308
302 336
302 369
303 309
304 323
304 357
305 329
306 309
306 364
307 339
307 365
307 389
310 334
310 363
310 375
311 312
312 394
313 335
314 379
314 383
315 324
315 328
315 333
315 348
316 371
316 397
317 361
317 384
318 386
319 338
319 349
319 377
320 325
320 330
320 393
321 346
321 347
321 367
322 360
322 364
322 392
324 348
324 381
326 376
327 351
328 333
328 348
332 354
333 348
334 363
334 370
334 375
336 351
338 369
339 343
339 345
340 349
340 381
341 359
341 387
343 345
343 385
344 356
344 372
344 379
345 385
346 367
348 381
349 377
349 400
350 354
352 353
352 397
355 368
355 373
356 372
356 379
356 391
360 389
360 392
361 382
362 380
362 396
362 400
363 375
364 392
365 389
366 390
368 373
370 398
372 379
377 394
377 400
380 396
386 398
394 396
394 400
395 399
396 400
