0 33
0 71
0 109
0 171
0 363
0 483
1 84
1 107
1 143
1 174
1 201
1 313
1 376
1 421
1 438
1 494
2 148
2 269
2 270
2 322
2 369
2 415
2 418
2 425
2 433
2 461
3 94
3 163
3 227
3 243
3 338
3 372
3 393
3 466
4 58
4 61
4 114
4 139
4 156
4 217
4 331
4 362
4 441
5 11
5 103
5 195
5 230
5 282
5 448
6 65
6 202
6 374
6 379
6 424
6 449
7 44
7 70
7 187
7 291
7 314
7 398
7 414
7 424
8 111
8 306
8 387
8 452
9 127
9 227
9 250
9 257
9 286
9 302
9 334
9 368
9 390
9 466
9 495
10 140
10 188
10 273
10 285
10 358
10 377
10 499
11 25
11 103
11 110
11 128
11 167
11 195
11 214
11 386
11 448
12 48
12 70
12 145
12 161
12 164
12 208
12 408
12 414
12 475
12 490
13 68
13 84
13 105
13 141
13 245
13 392
13 445
14 119
14 394
15 150
15 183
15 328
15 385
15 470
16 56
16 361
17 42
17 79
17 106
17 131
17 157
17 169
17 394
17 498
18 55
18 89
18 99
18 132
18 133
18 152
18 172
18 173
18 263
18 308
18 336
18 413
19 97
19 113
19 175
19 190
19 327
19 378
20 189
20 205
20 232
20 339
20 400
20 469
21 151
22 72
22 77
22 108
22 136
22 204
22 275
22 295
22 316
22 330
22 396
22 406
23 231
23 318
23 337
23 374
24 66
24 75
24 236
24 238
24 317
24 373
25 110
25 128
25 143
25 174
25 211
25 214
25 247
25 386
26 92
26 95
26 133
26 173
26 213
26 230
26 253
26 298
26 365
26 432
26 453
27 237
27 242
28 41
28 49
28 153
28 290
28 353
28 409
29 63
29 79
29 159
29 280
29 372
29 382
29 486
30 38
30 154
30 218
30 219
30 282
31 36
31 73
31 129
31 137
31 155
31 184
31 274
31 303
31 419
31 457
31 497
32 34
32 62
32 74
32 168
32 199
32 395
32 401
32 456
32 471
32 477
33 144
33 171
33 244
33 363
34 62
34 71
34 109
34 168
34 395
34 456
34 471
34 477
34 483
34 491
35 37
35 93
35 215
35 262
35 297
35 300
35 391
35 444
36 60
36 129
36 184
36 274
36 276
36 325
36 457
37 93
37 215
37 300
37 391
38 209
38 218
38 219
38 272
38 282
39 130
39 160
39 229
39 277
39 370
39 375
40 80
40 101
40 279
40 301
40 346
40 479
41 234
41 246
41 258
41 290
41 310
41 324
41 356
42 79
42 131
42 157
42 169
42 224
42 249
42 335
42 382
43 88
43 122
43 198
43 203
43 349
43 360
44 70
44 164
44 187
44 291
44 314
44 398
44 414
44 490
45 92
45 147
45 210
45 213
45 216
45 365
45 440
45 493
46 83
46 87
46 135
46 228
46 348
46 351
46 427
46 467
46 497
47 222
47 283
47 292
47 304
47 309
47 333
47 430
48 104
48 161
48 266
48 408
48 459
48 472
48 475
48 488
48 490
49 81
49 142
49 283
49 290
49 304
49 340
49 353
49 381
49 409
49 485
50 51
50 74
50 252
50 265
50 288
50 305
50 322
50 401
50 447
50 462
51 64
51 182
51 252
51 259
51 265
51 288
51 462
51 471
52 177
52 225
52 257
52 272
52 293
52 334
52 357
52 368
52 387
52 390
52 495
53 166
53 294
53 494
54 143
54 174
54 211
54 236
54 238
54 313
54 373
54 465
55 99
55 132
55 152
55 405
55 413
55 451
56 361
56 422
57 94
57 154
57 162
57 243
57 486
58 114
58 156
58 226
58 296
58 331
58 441
59 127
59 250
59 286
59 368
59 481
59 495
60 84
60 129
60 201
60 245
60 276
60 325
60 392
60 445
61 114
61 156
61 217
61 226
61 289
61 320
61 323
61 331
61 362
61 397
61 441
61 455
62 71
62 168
62 259
62 395
62 456
62 471
62 477
63 79
63 159
63 163
63 372
63 382
63 393
63 486
64 182
64 252
64 259
64 471
65 188
65 202
65 285
65 424
65 449
66 75
66 138
66 317
66 473
67 91
67 120
67 185
67 329
67 487
68 104
68 105
68 235
68 340
68 371
68 450
68 459
68 488
69 108
69 120
69 197
69 329
69 396
69 487
70 134
70 164
70 187
70 314
70 414
70 475
70 490
71 259
71 456
71 471
72 77
72 136
72 204
72 226
72 275
72 295
72 330
72 397
72 403
72 406
72 455
73 137
73 155
73 303
73 343
73 384
73 411
73 419
73 431
73 497
74 199
74 239
74 305
74 343
74 384
74 401
74 447
74 462
75 86
75 317
75 420
75 473
76 121
76 124
77 108
77 197
77 204
77 275
77 295
77 330
77 352
77 396
77 397
77 403
77 406
77 455
78 86
78 203
78 349
78 362
78 473
79 131
79 159
79 169
79 382
80 89
80 101
80 212
80 301
80 346
80 367
80 463
81 142
81 166
81 340
81 353
81 381
81 409
81 485
82 123
82 178
82 206
82 256
83 228
83 348
83 351
83 467
84 107
84 201
84 245
84 392
84 421
84 494
85 136
85 342
85 402
86 349
86 420
86 473
87 137
87 303
87 348
87 427
87 467
87 497
88 349
88 420
88 465
89 101
89 152
89 172
89 207
89 212
89 308
89 336
89 367
89 492
90 146
90 176
90 233
90 327
90 380
90 478
90 484
91 120
91 329
91 487
92 147
92 173
92 210
92 213
92 216
92 365
92 432
92 440
93 215
93 297
93 300
93 391
93 444
94 163
94 243
94 372
94 393
94 466
94 486
95 230
95 241
95 253
95 298
95 307
95 432
95 443
95 453
96 118
96 153
96 186
96 315
96 333
96 410
97 113
97 175
97 189
97 339
97 378
97 400
98 145
98 208
98 220
98 270
98 281
98 418
98 464
98 474
99 132
99 133
99 152
99 172
99 173
99 413
99 429
100 114
100 156
100 180
100 233
100 240
100 437
100 480
100 484
101 207
101 212
101 301
101 346
102 121
102 178
102 185
102 196
102 221
102 248
102 399
103 195
103 230
103 282
103 448
104 141
104 161
104 266
104 371
104 408
104 450
104 459
104 472
104 476
104 488
105 142
105 166
105 340
105 381
105 485
106 131
106 169
106 394
107 201
107 294
107 313
107 376
107 392
107 494
108 197
108 204
108 275
108 330
108 396
109 168
109 171
109 456
109 477
109 483
109 491
110 128
110 143
110 211
110 214
110 247
110 386
111 306
111 452
112 126
112 196
112 248
112 254
112 278
112 287
112 388
112 482
113 175
113 327
113 378
114 156
114 296
114 331
114 441
115 165
115 168
115 192
115 395
115 428
115 458
115 477
115 491
116 188
116 273
117 123
117 138
117 206
117 210
117 317
117 389
118 153
118 186
118 222
118 283
118 333
118 410
118 430
120 329
120 487
121 124
121 185
121 196
121 221
121 399
122 139
122 198
122 203
122 349
122 360
122 480
123 138
123 206
123 237
123 256
123 389
124 185
124 221
125 271
125 311
125 354
125 355
125 383
125 435
125 468
126 179
126 196
126 248
126 254
126 278
126 287
126 341
126 388
126 482
127 227
127 250
127 251
127 286
127 338
127 368
127 495
128 167
128 211
128 214
128 247
128 386
128 448
129 245
129 274
129 276
129 325
129 457
130 160
130 181
130 229
130 246
130 258
130 312
130 370
130 375
130 423
130 454
131 157
131 169
131 382
131 498
132 152
132 413
132 429
132 451
133 173
133 216
133 263
133 429
134 158
134 187
134 266
134 314
134 472
134 490
135 167
135 351
135 467
136 316
137 155
137 239
137 303
137 343
137 384
137 411
137 419
137 431
137 497
138 206
138 210
138 317
138 389
139 156
139 203
139 217
139 360
139 362
139 441
139 480
140 188
140 273
140 285
140 358
140 377
140 499
141 325
141 371
141 445
141 450
141 459
141 476
142 166
142 194
142 340
142 353
142 381
142 409
142 485
143 174
143 211
143 214
143 247
143 386
143 421
143 438
144 244
144 363
145 164
145 208
145 220
145 460
145 474
145 475
146 176
146 180
146 181
146 233
146 234
146 246
146 310
146 312
146 356
146 423
146 478
146 484
147 173
147 213
147 216
147 263
147 365
147 404
147 440
147 493
148 200
148 269
148 270
148 322
148 369
148 415
148 418
148 425
148 433
149 274
149 276
149 325
149 476
150 183
150 200
150 369
150 385
150 425
150 433
150 470
151 260
151 328
151 398
152 172
152 207
152 212
152 336
152 405
152 413
152 451
153 186
153 222
153 277
153 290
153 410
154 162
154 218
154 219
154 228
155 239
155 303
155 343
155 384
155 411
155 419
155 431
155 497
156 217
156 331
156 437
156 441
157 169
157 394
157 498
158 235
158 266
158 472
159 255
159 268
159 382
160 181
160 229
160 246
160 258
160 277
160 370
160 375
161 266
161 371
161 408
161 450
161 459
161 472
161 488
162 228
163 224
163 284
163 338
163 372
163 393
164 170
164 208
164 414
164 460
164 474
164 475
165 192
165 280
165 417
165 428
165 439
166 294
166 340
166 381
166 485
167 247
167 351
168 395
168 456
168 477
168 483
168 491
169 382
169 394
169 498
170 260
170 291
170 328
170 398
170 460
171 193
171 363
171 483
172 212
172 263
172 308
172 336
172 367
172 492
173 213
173 216
173 263
173 365
173 432
174 211
174 247
174 313
174 376
174 421
174 438
175 190
175 359
175 378
176 233
176 312
176 327
176 380
176 423
176 478
176 484
177 225
177 250
177 257
177 293
177 334
177 357
177 368
177 387
177 390
177 481
177 495
178 179
178 196
178 248
178 404
178 436
178 493
179 196
179 248
179 254
179 278
179 341
179 388
179 416
179 436
180 233
180 234
180 240
180 324
180 356
180 437
180 480
180 484
181 246
181 258
181 312
181 375
181 423
181 454
181 478
182 252
182 259
182 288
182 471
183 369
183 385
183 425
183 433
183 464
183 470
184 303
184 427
184 457
184 497
185 221
185 242
185 399
186 277
186 315
186 410
187 314
187 414
187 490
188 273
188 285
188 449
189 232
189 339
189 400
189 469
190 359
190 378
190 489
191 223
191 264
191 412
191 422
192 280
192 428
192 439
192 458
193 255
193 268
194 235
194 283
194 304
194 353
195 230
195 253
195 282
195 443
195 448
195 453
196 221
196 248
196 287
197 204
197 275
197 330
197 352
197 396
198 203
198 324
198 360
198 480
199 239
199 332
199 343
199 384
199 395
199 401
199 431
199 458
200 369
200 425
200 433
201 245
201 376
201 392
201 421
201 494
202 267
202 374
202 379
202 449
203 349
203 360
203 362
203 480
204 275
204 295
204 316
204 330
204 396
204 406
205 232
206 210
206 256
206 389
207 212
207 383
207 405
208 460
208 474
208 475
209 219
209 225
209 272
209 293
210 440
211 214
211 236
211 238
211 247
211 386
212 308
212 336
212 492
213 216
213 263
213 365
213 440
214 247
214 386
215 297
215 300
215 391
215 426
216 263
216 365
216 404
216 440
217 289
217 320
217 323
217 362
217 441
218 219
218 282
219 282
220 270
220 418
220 460
220 464
220 474
221 399
222 283
222 292
222 304
222 309
222 333
222 430
223 262
223 264
223 279
223 346
223 350
223 412
223 479
224 249
224 251
224 284
224 335
224 338
224 347
225 257
225 272
225 293
225 334
225 357
225 387
225 390
226 295
226 296
226 331
226 397
226 403
226 406
226 455
227 251
227 284
227 286
227 338
227 347
228 348
229 370
229 375
230 241
230 253
230 298
230 307
230 432
230 443
230 448
230 453
231 267
231 319
231 364
231 374
231 379
231 442
231 496
232 339
232 469
233 240
233 380
233 437
233 478
233 484
234 240
234 246
234 310
234 312
234 324
234 356
234 423
234 484
235 266
235 304
235 371
235 488
236 238
236 366
236 373
237 242
238 373
238 465
239 332
239 343
239 384
239 401
239 411
239 431
239 458
240 324
240 356
240 437
240 480
240 484
241 298
241 307
241 366
241 432
241 443
242 329
242 399
243 372
243 393
243 486
244 363
245 325
245 392
245 421
245 445
246 258
246 310
246 312
246 356
246 375
246 423
247 386
247 421
247 438
248 254
248 278
248 287
248 341
248 388
248 436
249 284
249 335
249 347
250 286
250 368
250 387
250 481
250 495
251 284
251 338
251 347
252 265
252 288
252 447
252 462
253 432
253 443
253 453
254 278
254 287
254 341
254 388
254 426
254 436
255 268
256 440
256 493
257 272
257 293
257 302
257 334
257 357
257 368
257 387
257 390
257 495
258 310
258 312
258 370
258 375
258 423
259 471
260 291
260 328
260 398
260 460
261 342
261 402
261 407
262 264
262 279
262 297
262 412
262 444
262 479
263 308
263 336
263 365
263 404
263 492
264 279
264 350
264 412
265 288
265 305
265 322
265 447
265 462
266 371
266 408
266 450
266 459
266 472
266 488
266 490
267 364
267 374
267 379
267 442
267 496
268 299
268 417
269 270
269 305
269 322
269 369
269 415
269 418
269 425
269 461
270 281
270 415
270 418
270 425
270 461
270 464
271 311
271 354
271 355
271 435
271 468
272 293
273 358
273 377
273 499
274 276
274 325
274 457
275 295
275 316
275 330
275 352
275 396
275 406
276 325
276 457
276 476
277 315
277 375
277 410
278 287
278 341
278 388
278 426
278 436
279 301
279 346
279 412
279 444
279 479
280 299
280 417
280 439
281 411
281 418
281 419
281 461
283 304
283 309
283 333
283 353
283 430
284 335
284 338
284 347
285 449
285 499
286 302
286 334
286 338
286 368
286 481
286 495
287 388
287 482
288 447
288 462
288 471
289 320
289 323
289 352
289 362
289 397
289 455
290 353
290 409
291 398
292 309
292 333
292 377
292 430
292 499
293 357
293 390
294 494
295 330
295 397
295 403
295 406
295 455
296 331
296 359
297 300
297 391
297 444
297 479
298 307
298 366
298 432
298 443
299 417
299 439
299 491
300 391
300 444
301 346
301 463
301 479
302 334
302 368
302 390
302 466
302 495
303 427
303 457
303 497
304 353
305 322
305 384
305 401
305 415
305 447
305 461
305 462
306 452
307 366
307 432
307 443
308 336
308 367
308 492
309 333
309 377
309 430
309 499
310 312
310 324
310 356
310 423
311 354
311 355
311 383
311 435
311 468
312 356
312 375
312 423
312 478
312 484
313 373
313 376
313 494
314 414
314 490
315 410
317 389
317 473
318 374
318 379
319 364
319 442
319 496
320 323
320 345
320 352
321 326
321 344
321 434
321 446
322 415
322 418
322 447
322 461
322 462
323 352
323 362
323 397
323 455
324 356
325 445
325 457
325 476
326 344
326 434
326 446
327 378
327 380
328 385
328 460
329 487
330 352
330 396
330 397
330 403
330 406
330 455
331 441
332 343
332 384
332 395
332 401
332 431
332 458
333 430
334 368
334 390
334 466
334 495
335 347
336 367
336 492
338 393
338 466
339 400
339 469
340 353
340 381
340 485
341 388
341 416
341 426
341 436
342 402
342 407
343 384
343 401
343 411
343 419
343 431
344 434
344 446
346 479
348 467
349 420
349 465
351 467
352 396
352 397
352 455
353 381
353 409
353 485
354 355
354 435
354 468
355 435
355 468
356 423
356 478
356 484
357 368
357 387
357 390
357 481
357 495
358 377
358 499
359 489
360 480
361 422
362 441
364 442
364 496
365 440
366 443
367 416
367 463
367 492
368 387
368 390
368 481
368 495
369 385
369 425
369 433
370 375
371 408
371 450
371 459
371 472
371 488
372 382
372 393
372 486
373 420
373 465
374 379
374 442
375 423
375 454
376 421
376 494
377 499
379 442
379 496
380 478
381 409
381 485
383 405
383 451
384 401
384 411
384 419
384 431
384 461
385 425
385 433
385 464
385 470
386 448
387 481
387 495
388 426
388 436
390 495
391 444
392 445
393 466
393 486
394 498
395 456
395 458
395 477
397 403
397 406
397 455
400 469
401 431
401 447
401 462
402 489
403 406
403 455
404 492
404 493
405 451
406 455
408 450
408 459
408 472
408 475
408 488
409 485
411 419
411 431
411 461
412 422
412 444
413 429
413 451
414 475
414 490
415 418
415 425
415 461
416 436
416 463
416 492
417 439
417 491
418 461
419 431
420 465
420 473
421 438
423 478
423 484
424 449
425 433
426 482
427 467
427 497
428 458
429 453
432 443
432 453
434 446
435 468
437 480
437 484
440 493
441 480
442 496
443 448
443 453
444 479
445 450
445 476
447 462
450 459
450 476
450 488
456 477
456 483
456 491
459 472
459 476
459 488
460 464
460 474
463 492
464 474
467 497
472 488
472 490
477 483
477 491
478 484
481 495
483 491
