0 75
0 86
0 115
0 144
0 291
1 111
1 131
1 163
1 227
1 245
1 318
2 20
2 121
2 401
3 120
3 166
3 281
3 313
3 439
4 29
4 114
4 169
4 280
4 370
4 378
5 10
5 100
5 375
5 406
6 49
6 57
6 85
6 265
6 285
6 463
7 61
7 69
7 71
7 135
7 459
7 484
8 100
8 119
8 156
9 73
9 470
10 94
10 100
10 125
10 375
10 404
10 406
11 129
11 178
11 207
11 246
11 314
11 346
11 377
11 444
11 475
12 65
12 276
12 278
12 358
12 407
12 472
13 106
13 396
13 448
13 464
14 87
14 114
14 169
16 128
16 141
16 261
17 49
17 85
17 168
18 136
18 177
18 298
18 455
19 91
19 138
19 162
19 268
19 316
19 326
19 338
19 359
19 363
19 384
19 410
20 217
20 401
21 29
21 284
21 336
21 427
22 67
22 92
22 133
22 237
23 204
23 215
23 317
23 351
23 456
23 460
23 488
24 79
24 434
25 59
25 389
25 433
25 468
26 112
26 419
27 229
27 333
27 380
28 195
29 280
29 370
29 378
29 427
29 440
30 153
30 208
30 347
31 308
31 312
31 360
31 391
31 400
32 65
32 104
32 113
32 186
32 254
32 358
32 375
32 386
32 404
32 462
33 98
33 220
33 241
33 277
33 365
33 383
33 423
33 495
34 188
34 194
34 244
34 357
34 393
34 397
34 421
34 480
35 145
36 61
36 69
36 255
36 262
36 459
36 493
37 282
37 283
38 67
38 211
38 235
38 344
39 310
40 62
40 164
40 341
40 494
40 496
41 51
41 143
41 175
41 340
41 432
41 445
42 44
42 48
42 279
42 294
42 473
43 99
43 198
43 353
43 413
43 417
43 424
44 48
44 279
44 294
44 473
45 90
45 105
45 194
45 226
45 350
45 393
45 416
46 155
47 77
47 129
47 132
47 246
47 441
47 465
48 279
48 294
48 473
49 57
49 85
49 265
49 285
49 463
50 95
50 126
50 159
50 181
50 292
50 353
51 108
51 143
51 175
51 327
51 432
51 445
51 487
52 73
52 171
52 306
52 362
52 367
52 408
52 498
53 66
53 68
53 98
53 110
53 196
53 365
53 412
53 458
54 119
54 184
55 72
55 251
55 361
55 402
56 121
56 172
56 176
56 193
56 247
56 401
57 85
57 265
57 463
58 225
58 289
58 321
58 461
58 467
59 389
59 433
59 442
59 468
60 272
61 69
61 262
61 459
62 234
62 398
62 496
63 329
63 414
63 420
63 452
64 83
64 88
65 104
65 113
65 127
65 186
65 254
65 358
65 386
65 407
65 462
66 68
66 196
66 334
66 412
66 458
67 211
67 235
67 288
67 344
68 196
68 412
68 458
69 135
69 161
69 255
69 459
69 484
70 113
70 127
70 386
70 405
70 422
71 443
71 484
72 204
72 251
72 361
72 402
72 478
72 488
73 171
73 362
74 149
74 219
74 273
74 392
75 86
75 252
75 291
76 174
76 429
76 486
77 441
77 465
77 491
78 146
78 210
78 325
78 348
79 434
80 160
80 176
80 193
80 247
80 369
81 238
81 267
81 390
82 179
82 221
82 457
83 88
84 141
84 167
85 285
86 252
86 291
87 114
87 177
88 202
88 481
89 250
89 398
90 105
90 156
90 350
90 393
90 416
91 162
91 268
91 326
91 338
91 359
91 363
91 384
91 410
92 189
92 223
92 237
92 331
93 337
93 499
94 201
94 311
94 319
94 446
95 126
95 159
95 180
95 181
95 292
95 353
95 413
96 109
96 259
96 275
96 479
97 349
97 411
98 110
98 220
98 365
98 412
98 423
99 126
99 159
99 180
99 198
99 353
99 413
99 417
99 424
100 375
100 406
101 148
101 199
101 293
101 373
102 155
102 223
102 431
102 454
103 279
103 325
103 473
104 113
104 186
104 254
104 358
104 462
105 156
105 350
105 393
105 416
106 116
106 192
106 448
106 456
106 464
107 327
107 364
107 444
107 475
107 487
108 175
108 327
108 432
109 259
109 275
109 479
110 161
110 196
110 412
111 131
111 158
111 163
111 227
111 318
112 194
112 350
112 419
113 127
113 186
113 254
113 358
113 386
113 485
114 169
115 144
115 201
115 319
115 446
116 293
116 448
117 195
117 388
117 414
118 218
118 297
119 156
120 166
120 214
120 281
120 313
120 439
121 176
121 193
121 247
122 165
123 307
123 436
124 140
124 250
124 360
124 374
124 382
124 391
124 447
125 254
125 311
125 375
125 404
126 159
126 180
126 181
126 292
126 353
126 413
127 358
127 386
127 405
127 422
127 485
128 288
128 344
128 367
128 408
129 182
129 246
129 328
129 441
129 491
130 228
130 305
131 163
131 227
131 245
131 318
132 260
133 237
133 258
133 322
133 409
135 161
135 255
135 459
135 484
136 177
136 210
136 290
136 348
136 455
137 450
138 162
138 166
138 184
138 268
138 316
138 326
138 338
138 410
138 439
139 142
139 239
139 395
140 214
140 313
140 374
140 447
141 261
142 302
142 395
143 175
143 335
143 432
143 445
143 487
144 201
144 319
145 173
145 213
146 210
146 325
146 348
147 150
147 229
147 269
147 300
147 380
147 415
147 435
147 474
148 293
148 373
149 219
149 271
149 273
149 392
150 198
150 229
150 269
150 300
150 417
150 435
150 474
151 187
151 304
152 190
152 203
152 270
152 403
152 470
153 208
153 285
153 347
153 372
153 438
154 196
154 253
154 323
154 334
155 431
155 454
156 416
157 433
158 243
158 256
159 180
159 181
159 292
159 353
159 413
160 176
160 287
160 369
161 255
161 459
162 184
162 268
162 316
162 326
162 338
162 359
162 363
162 384
162 410
163 206
163 227
163 318
163 354
164 234
164 341
164 421
164 494
164 496
165 487
166 281
166 313
166 316
166 439
167 434
169 378
170 307
170 453
171 205
171 306
171 362
171 498
172 401
173 213
174 324
174 429
174 486
175 327
175 432
175 445
175 487
176 193
176 247
176 369
177 298
178 207
178 246
178 314
178 346
178 377
178 444
178 475
179 457
180 181
180 228
180 353
180 413
181 228
181 292
181 353
181 413
182 328
182 399
182 441
182 491
183 236
183 320
183 343
183 345
183 482
185 464
185 488
186 254
186 358
186 386
186 404
186 462
187 304
187 330
188 194
188 234
188 419
188 421
188 480
189 223
189 237
189 331
189 340
189 454
190 403
190 470
191 489
192 212
192 240
192 456
193 247
194 350
194 393
194 419
194 480
195 388
196 334
196 412
196 458
197 295
197 339
197 342
198 229
198 387
198 417
198 424
198 435
198 474
200 210
200 222
200 290
201 319
201 446
202 481
203 270
203 371
204 251
204 317
204 402
204 478
204 488
205 303
205 306
206 227
206 303
206 318
206 354
207 246
207 314
207 346
207 377
207 444
207 475
208 347
208 372
208 438
209 260
209 376
210 290
210 348
210 455
211 288
211 344
212 215
212 240
212 317
212 351
212 428
212 460
214 281
214 313
214 374
215 317
215 351
215 428
215 460
216 263
216 379
216 394
216 453
216 492
217 401
218 224
218 245
218 297
219 273
219 392
220 255
220 383
220 493
220 495
221 457
223 331
223 454
224 297
224 437
225 289
225 321
225 461
225 467
226 244
226 252
226 393
226 397
226 416
227 318
227 354
228 305
228 396
229 269
229 300
229 333
229 417
229 435
229 474
230 256
230 286
230 335
230 368
230 425
230 466
231 232
231 371
231 429
232 371
232 429
233 430
234 421
234 496
236 320
236 343
236 482
237 331
240 411
241 277
241 365
241 423
242 331
243 256
244 397
244 480
245 297
246 314
246 346
246 377
248 284
248 336
248 427
248 471
249 323
250 360
250 382
250 447
251 361
251 402
251 478
252 397
253 334
254 375
254 386
254 404
254 462
255 459
257 357
257 421
257 480
258 322
258 381
258 409
259 418
259 479
260 302
260 376
263 379
263 394
263 492
264 329
264 385
264 388
264 414
264 420
264 452
265 463
266 335
266 368
266 466
267 390
268 316
268 326
268 338
268 359
268 363
268 384
268 410
269 300
269 380
269 415
269 435
272 431
273 392
274 275
274 449
275 449
276 337
276 407
276 472
277 365
277 383
278 407
278 469
278 472
278 485
279 325
279 473
280 311
280 370
280 378
280 440
281 313
281 439
282 283
282 356
284 336
284 427
284 471
285 451
285 463
286 335
286 368
286 466
288 344
288 381
289 321
289 467
292 353
293 373
294 473
295 499
296 308
296 391
296 400
300 417
300 435
300 474
302 395
303 354
307 436
307 453
308 312
308 360
308 391
308 400
309 366
309 450
311 440
311 446
312 360
312 391
312 400
313 374
314 346
314 377
314 444
315 481
316 326
316 338
316 359
316 384
316 410
316 426
317 351
317 460
318 354
319 446
320 343
321 461
321 467
322 409
322 425
326 338
326 359
326 363
326 384
326 410
327 364
327 475
327 487
328 399
329 385
329 388
329 414
329 420
329 452
330 355
332 489
333 352
333 380
335 368
335 445
335 466
336 427
336 471
338 359
338 384
338 410
339 342
341 421
341 494
341 496
345 415
345 482
346 377
346 444
346 475
347 372
348 455
349 411
350 393
351 428
351 460
352 387
353 413
353 424
357 421
357 480
358 386
358 407
358 462
358 485
359 363
359 384
359 410
360 391
360 400
360 447
361 402
361 478
363 384
363 410
364 451
364 475
365 383
365 423
367 408
367 498
368 466
370 378
370 422
371 429
372 438
374 447
375 404
376 469
377 444
379 394
379 492
382 447
383 493
383 495
384 410
385 388
385 414
385 420
385 452
386 405
386 422
387 424
388 414
389 433
389 468
391 400
394 492
396 464
397 480
399 491
402 478
402 488
403 470
405 422
406 416
407 472
408 498
409 425
412 458
413 417
413 424
414 420
414 452
417 435
417 474
418 450
418 479
420 452
421 480
427 471
428 437
428 460
429 486
431 454
432 445
432 487
433 468
435 474
440 446
441 465
441 491
442 468
443 484
444 451
444 475
445 487
448 456
448 464
451 463
451 475
453 492
459 484
465 469
469 485
476 483
493 495
494 496
