0 75
0 86
0 115
0 144
0 201
0 252
0 291
0 319
0 446
1 111
1 131
1 158
1 163
1 206
1 218
1 224
1 227
1 245
1 297
1 318
1 354
1 437
2 20
2 56
2 121
2 172
2 176
2 193
2 217
2 242
2 247
2 401
3 26
3 90
3 105
3 112
3 120
3 138
3 166
3 184
3 214
3 281
3 313
3 316
3 419
3 439
4 14
4 21
4 29
4 87
4 114
4 169
4 248
4 280
4 336
4 370
4 378
4 427
4 440
4 471
5 8
5 10
5 32
5 94
5 100
5 125
5 156
5 201
5 254
5 311
5 375
5 404
5 406
5 416
5 446
6 17
6 49
6 57
6 85
6 142
6 265
6 285
6 395
6 451
6 463
7 36
7 61
7 69
7 71
7 135
7 161
7 255
7 299
7 366
7 443
7 459
7 484
8 10
8 32
8 54
8 100
8 104
8 105
8 119
8 156
8 186
8 254
8 375
8 406
8 416
8 462
9 52
9 73
9 152
9 171
9 190
9 205
9 274
9 275
9 303
9 306
9 362
9 403
9 449
9 470
10 32
10 94
10 100
10 125
10 186
10 201
10 254
10 311
10 375
10 404
10 406
10 416
10 446
11 47
11 107
11 122
11 129
11 165
11 178
11 182
11 207
11 246
11 314
11 346
11 377
11 441
11 444
11 475
12 65
12 104
12 113
12 186
12 276
12 278
12 337
12 358
12 386
12 407
12 462
12 469
12 472
12 485
13 95
13 106
13 116
13 148
13 180
13 181
13 185
13 228
13 292
13 293
13 396
13 448
13 456
13 464
14 18
14 87
14 114
14 136
14 169
14 177
14 290
14 378
14 471
15 28
15 59
15 442
15 468
16 38
16 67
16 84
16 128
16 141
16 211
16 235
16 261
16 344
17 30
17 42
17 44
17 49
17 57
17 85
17 153
17 168
17 208
17 285
17 294
17 347
18 35
18 87
18 136
18 177
18 290
18 298
18 348
18 455
19 91
19 138
19 162
19 166
19 184
19 268
19 316
19 326
19 338
19 359
19 363
19 384
19 410
19 426
19 439
20 56
20 121
20 172
20 217
20 401
21 29
21 248
21 280
21 284
21 336
21 427
21 440
21 471
22 38
22 67
22 92
22 133
22 189
22 211
22 223
22 235
22 237
22 258
22 288
22 322
22 331
22 340
22 344
22 409
23 72
23 106
23 192
23 204
23 212
23 215
23 317
23 351
23 402
23 428
23 448
23 456
23 460
23 464
23 478
23 488
24 79
24 434
24 490
25 59
25 157
25 301
25 389
25 433
25 442
25 468
26 112
26 120
26 188
26 194
26 214
26 234
26 281
26 313
26 350
26 382
26 393
26 419
27 147
27 150
27 198
27 229
27 269
27 300
27 333
27 352
27 380
27 435
27 474
28 117
28 195
28 271
28 388
29 114
29 169
29 248
29 280
29 284
29 311
29 319
29 336
29 370
29 378
29 427
29 440
29 471
30 49
30 85
30 153
30 168
30 208
30 347
30 372
30 438
31 58
31 74
31 149
31 219
31 225
31 289
31 296
31 308
31 312
31 321
31 360
31 391
31 400
31 467
32 65
32 70
32 100
32 104
32 113
32 125
32 127
32 186
32 254
32 358
32 375
32 386
32 404
32 422
32 462
33 53
33 98
33 110
33 220
33 241
33 255
33 277
33 365
33 383
33 412
33 423
33 493
33 495
34 45
34 90
34 112
34 164
34 188
34 194
34 226
34 234
34 244
34 257
34 350
34 357
34 393
34 397
34 419
34 421
34 480
35 134
35 145
35 173
35 177
35 213
35 298
36 61
36 69
36 135
36 161
36 220
36 255
36 262
36 299
36 459
36 484
36 493
36 495
37 84
37 282
37 283
37 315
37 356
37 481
38 67
38 92
38 128
38 211
38 235
38 237
38 261
38 288
38 344
38 490
39 310
39 476
39 483
40 62
40 164
40 234
40 341
40 398
40 421
40 494
40 496
40 497
41 51
41 108
41 143
41 175
41 327
41 335
41 340
41 409
41 425
41 432
41 445
41 487
42 44
42 48
42 103
42 139
42 168
42 279
42 294
42 473
43 50
43 95
43 99
43 126
43 150
43 159
43 180
43 181
43 198
43 229
43 249
43 292
43 300
43 353
43 387
43 413
43 417
43 424
43 435
43 474
44 48
44 103
44 168
44 279
44 294
44 473
45 90
45 105
45 112
45 156
45 188
45 194
45 226
45 244
45 252
45 350
45 393
45 397
45 416
45 419
46 102
46 155
46 187
46 223
46 272
46 330
46 355
46 431
46 454
47 77
47 129
47 132
47 178
47 182
47 207
47 246
47 314
47 346
47 377
47 441
47 465
47 469
47 491
48 103
48 168
48 279
48 294
48 325
48 473
49 57
49 85
49 153
49 265
49 285
49 347
49 451
49 463
50 95
50 99
50 126
50 148
50 159
50 180
50 181
50 292
50 293
50 353
50 373
50 413
50 424
51 107
51 108
51 122
51 143
51 165
51 175
51 327
51 335
51 340
51 364
51 432
51 445
51 487
52 73
52 128
52 171
52 205
52 306
52 362
52 367
52 408
52 498
53 66
53 68
53 98
53 110
53 135
53 154
53 161
53 196
53 220
53 241
53 255
53 334
53 365
53 412
53 423
53 458
54 105
54 119
54 138
54 156
54 162
54 184
54 326
54 439
54 462
55 72
55 185
55 204
55 251
55 361
55 402
55 478
55 488
56 80
56 121
56 172
56 176
56 193
56 247
56 369
56 401
57 85
57 142
57 265
57 285
57 302
57 395
57 463
58 149
58 225
58 289
58 321
58 461
58 467
59 157
59 301
59 389
59 433
59 442
59 468
60 102
60 108
60 153
60 272
60 364
60 372
60 431
60 438
60 451
61 69
61 71
61 135
61 161
61 220
61 255
61 262
61 299
61 459
61 484
61 493
62 89
62 164
62 234
62 341
62 382
62 398
62 494
62 496
63 81
63 117
63 191
63 238
63 264
63 267
63 329
63 385
63 388
63 414
63 420
63 452
64 83
64 88
64 202
64 315
64 481
65 70
65 104
65 113
65 127
65 186
65 254
65 276
65 278
65 358
65 386
65 404
65 407
65 462
65 472
65 485
66 68
66 98
66 110
66 154
66 196
66 253
66 334
66 365
66 412
66 423
66 458
67 92
67 128
67 133
67 211
67 235
67 237
67 258
67 288
67 344
67 381
68 98
68 110
68 154
68 196
68 253
68 334
68 365
68 412
68 423
68 458
69 71
69 110
69 135
69 161
69 220
69 255
69 262
69 443
69 459
69 484
69 493
70 104
70 113
70 125
70 127
70 186
70 254
70 358
70 370
70 386
70 404
70 405
70 422
70 485
71 135
71 137
71 309
71 366
71 443
71 459
71 484
72 185
72 204
72 251
72 317
72 361
72 402
72 478
72 488
73 171
73 190
73 202
73 205
73 306
73 362
73 367
73 403
73 408
73 470
73 498
74 149
74 219
74 271
74 273
74 312
74 392
74 430
75 86
75 144
75 226
75 244
75 252
75 291
75 397
76 174
76 231
76 232
76 299
76 324
76 366
76 429
76 486
77 129
77 182
77 246
77 278
77 328
77 399
77 441
77 465
77 469
77 472
77 491
78 103
78 136
78 146
78 200
78 210
78 239
78 279
78 290
78 325
78 348
78 455
79 160
79 287
79 434
80 121
80 160
80 176
80 193
80 247
80 287
80 369
80 477
81 191
81 238
81 267
81 329
81 390
81 420
81 452
82 179
82 221
82 345
82 390
82 457
82 482
83 88
83 152
83 202
83 203
83 270
83 315
83 481
84 141
84 167
84 261
84 282
84 283
84 356
84 434
85 153
85 168
85 208
85 265
85 285
85 347
85 372
85 438
85 463
86 144
86 201
86 226
86 244
86 252
86 291
86 397
86 406
87 114
87 134
87 136
87 169
87 177
87 248
87 290
87 298
87 471
88 152
88 202
88 315
88 403
88 481
89 124
89 250
89 312
89 360
89 382
89 398
89 430
89 447
90 105
90 112
90 119
90 156
90 188
90 194
90 226
90 350
90 393
90 416
90 419
91 93
91 138
91 162
91 184
91 216
91 263
91 268
91 316
91 326
91 337
91 338
91 359
91 363
91 379
91 384
91 394
91 410
92 133
92 189
92 223
92 235
92 237
92 242
92 331
92 454
93 268
93 276
93 295
93 326
93 337
93 363
93 499
94 100
94 115
94 125
94 144
94 201
94 311
94 319
94 375
94 404
94 406
94 440
94 446
95 99
95 126
95 148
95 159
95 180
95 181
95 228
95 292
95 353
95 373
95 396
95 413
95 417
95 424
96 97
96 109
96 199
96 259
96 274
96 275
96 418
96 449
96 470
96 479
97 109
97 199
97 240
97 274
97 275
97 349
97 411
97 449
97 479
98 110
98 135
98 161
98 196
98 220
98 241
98 255
98 277
98 365
98 383
98 412
98 423
98 458
98 493
98 495
99 126
99 150
99 159
99 180
99 181
99 198
99 228
99 229
99 292
99 300
99 353
99 387
99 413
99 417
99 424
99 435
99 474
100 104
100 119
100 125
100 156
100 186
100 254
100 375
100 404
100 406
100 416
100 462
101 116
101 148
101 199
101 293
101 373
101 418
101 450
101 479
102 108
102 155
102 189
102 223
102 272
102 340
102 431
102 454
103 139
103 146
103 210
103 239
103 279
103 294
103 325
103 473
104 113
104 125
104 127
104 186
104 254
104 358
104 375
104 386
104 404
104 407
104 462
105 112
105 119
105 156
105 194
105 226
105 350
105 393
105 416
105 419
105 439
106 116
106 185
106 192
106 212
106 240
106 293
106 396
106 448
106 456
106 464
106 488
107 108
107 122
107 165
107 175
107 178
107 207
107 327
107 346
107 364
107 377
107 432
107 444
107 451
107 475
107 487
108 143
108 175
108 272
108 327
108 340
108 364
108 431
108 432
108 445
108 454
108 487
109 190
109 259
109 274
109 275
109 418
109 449
109 470
109 479
110 135
110 154
110 161
110 196
110 220
110 255
110 323
110 334
110 365
110 412
110 423
110 458
110 459
111 131
111 158
111 163
111 206
111 227
111 243
111 245
111 256
111 297
111 303
111 318
111 354
112 120
112 188
112 194
112 234
112 281
112 313
112 350
112 393
112 419
112 439
113 127
113 186
113 254
113 278
113 358
113 386
113 404
113 405
113 407
113 422
113 462
113 472
113 485
114 169
114 177
114 248
114 280
114 290
114 370
114 378
114 427
114 471
115 144
115 201
115 291
115 319
115 440
115 446
116 148
116 192
116 199
116 240
116 293
116 373
116 411
116 448
116 456
116 464
117 195
117 264
117 271
117 329
117 388
117 414
117 461
118 218
118 245
118 266
118 297
118 339
118 342
118 368
119 156
119 184
119 416
119 462
120 138
120 140
120 166
120 214
120 281
120 313
120 316
120 374
120 419
120 426
120 439
121 172
121 176
121 193
121 247
121 369
121 401
122 129
122 165
122 182
122 266
122 327
122 328
122 487
123 204
123 215
123 251
123 307
123 317
123 402
123 436
123 453
123 478
124 140
124 214
124 250
124 308
124 312
124 313
124 360
124 374
124 382
124 391
124 400
124 447
125 186
125 254
125 280
125 311
125 370
125 375
125 386
125 404
125 422
125 440
125 446
126 130
126 159
126 180
126 181
126 198
126 228
126 292
126 305
126 353
126 396
126 413
126 417
126 424
127 186
127 254
127 358
127 386
127 404
127 405
127 422
127 485
128 141
128 211
128 261
128 288
128 344
128 367
128 381
128 408
128 498
129 165
129 178
129 182
129 207
129 246
129 328
129 346
129 377
129 399
129 441
129 465
129 491
130 147
130 150
130 180
130 183
130 228
130 269
130 300
130 305
130 345
130 415
130 417
130 435
131 158
131 163
131 206
131 218
131 224
131 227
131 245
131 297
131 318
131 354
131 437
132 142
132 178
132 207
132 209
132 246
132 260
132 302
132 314
132 346
132 376
132 377
132 395
132 465
132 469
133 189
133 211
133 223
133 237
133 258
133 322
133 331
133 340
133 344
133 381
133 409
133 425
134 145
134 173
134 177
134 248
134 298
135 161
135 255
135 323
135 443
135 459
135 484
136 146
136 177
136 200
136 210
136 290
136 298
136 348
136 455
137 309
137 366
137 443
137 450
137 484
138 162
138 166
138 184
138 268
138 281
138 316
138 326
138 338
138 359
138 363
138 384
138 410
138 426
138 439
139 142
139 222
139 239
139 302
139 395
139 473
140 214
140 250
140 281
140 296
140 308
140 312
140 313
140 360
140 374
140 382
140 391
140 400
140 447
141 167
141 261
141 282
141 356
142 209
142 239
142 260
142 265
142 302
142 395
143 165
143 175
143 266
143 327
143 335
143 340
143 425
143 432
143 445
143 487
144 201
144 291
144 319
144 446
145 173
145 213
146 210
146 279
146 325
146 348
146 455
147 150
147 198
147 229
147 269
147 300
147 305
147 333
147 345
147 380
147 415
147 417
147 435
147 474
148 159
148 199
148 292
148 293
148 373
149 219
149 271
149 273
149 321
149 392
149 461
150 198
150 229
150 269
150 300
150 305
150 333
150 380
150 387
150 413
150 415
150 417
150 424
150 435
150 474
151 187
151 304
151 330
151 355
152 190
152 202
152 203
152 270
152 403
152 470
153 208
153 285
153 347
153 372
153 438
153 451
153 463
154 196
154 249
154 253
154 323
154 334
154 387
154 412
154 458
155 189
155 223
155 272
155 330
155 431
155 454
156 184
156 350
156 393
156 406
156 416
157 389
157 433
157 442
157 468
158 163
158 227
158 230
158 243
158 245
158 256
158 286
158 318
158 368
158 466
159 180
159 181
159 228
159 292
159 353
159 413
159 417
159 424
160 176
160 193
160 247
160 287
160 369
161 196
161 220
161 255
161 459
161 484
161 493
162 166
162 184
162 268
162 316
162 326
162 338
162 359
162 363
162 384
162 410
162 426
162 439
163 206
163 227
163 245
163 303
163 318
163 354
163 437
164 188
164 234
164 257
164 341
164 357
164 421
164 480
164 494
164 496
165 175
165 182
165 266
165 327
165 328
165 335
165 432
165 445
165 487
166 184
166 214
166 281
166 313
166 316
166 338
166 359
166 410
166 426
166 439
167 261
167 282
167 283
167 434
168 208
168 294
168 347
168 473
169 280
169 290
169 370
169 378
170 215
170 218
170 224
170 307
170 339
170 342
170 453
171 205
171 243
171 303
171 306
171 362
171 367
171 408
171 498
172 193
172 217
172 401
173 213
174 231
174 232
174 324
174 371
174 429
174 486
175 327
175 340
175 364
175 432
175 445
175 487
176 193
176 247
176 369
176 490
177 290
177 298
177 455
178 207
178 246
178 265
178 314
178 346
178 377
178 444
178 451
178 463
178 475
179 221
179 457
180 181
180 228
180 292
180 305
180 353
180 396
180 413
180 417
181 228
181 292
181 305
181 353
181 396
181 413
181 417
182 246
182 328
182 399
182 441
182 491
183 236
183 305
183 320
183 343
183 345
183 415
183 482
184 268
184 316
184 326
184 338
184 359
184 363
184 384
184 410
184 439
185 204
185 228
185 396
185 448
185 464
185 488
186 254
186 358
186 375
186 386
186 404
186 405
186 407
186 422
186 462
186 485
187 304
187 330
187 355
188 194
188 234
188 244
188 257
188 341
188 350
188 357
188 393
188 397
188 419
188 421
188 480
189 223
189 237
189 331
189 340
189 409
189 431
189 454
190 203
190 270
190 274
190 275
190 403
190 449
190 470
191 267
191 332
191 390
191 489
192 212
192 215
192 240
192 317
192 351
192 411
192 428
192 437
192 448
192 456
192 460
192 464
193 247
193 369
193 401
193 490
194 226
194 234
194 244
194 257
194 350
194 357
194 393
194 397
194 419
194 421
194 480
195 264
195 271
195 388
195 414
196 253
196 323
196 334
196 365
196 412
196 423
196 458
197 295
197 339
197 342
197 399
197 499
198 229
198 300
198 333
198 352
198 353
198 387
198 413
198 417
198 424
198 435
198 474
199 259
199 293
199 373
199 418
199 479
200 210
200 222
200 239
200 290
201 252
201 291
201 311
201 319
201 406
201 440
201 446
202 315
202 356
202 362
202 403
202 481
203 231
203 232
203 270
203 371
203 403
203 470
204 215
204 251
204 317
204 351
204 361
204 402
204 456
204 460
204 478
204 488
205 206
205 243
205 303
205 306
205 354
205 362
205 498
206 227
206 274
206 303
206 306
206 318
206 349
206 354
206 449
207 246
207 265
207 314
207 346
207 377
207 444
207 451
207 463
207 475
208 347
208 372
208 438
209 222
209 260
209 302
209 376
209 395
209 469
209 485
210 290
210 325
210 348
210 455
211 235
211 237
211 258
211 261
211 288
211 322
211 344
211 381
212 215
212 240
212 317
212 351
212 411
212 428
212 437
212 456
212 460
214 281
214 313
214 374
214 382
214 426
214 439
214 447
215 224
215 307
215 317
215 351
215 428
215 437
215 456
215 460
216 263
216 295
216 307
216 363
216 379
216 394
216 453
216 492
216 499
217 355
217 401
218 224
218 245
218 297
218 339
218 342
219 271
219 273
219 312
219 392
219 430
220 241
220 255
220 262
220 277
220 365
220 383
220 423
220 493
220 495
221 345
221 415
221 457
221 482
222 239
222 260
222 302
222 376
223 237
223 331
223 340
223 431
223 454
224 245
224 297
224 428
224 437
225 289
225 321
225 332
225 461
225 467
226 244
226 252
226 350
226 393
226 397
226 406
226 416
226 480
227 243
227 245
227 303
227 318
227 354
228 305
228 396
228 413
228 417
229 269
229 300
229 333
229 352
229 380
229 387
229 415
229 417
229 424
229 435
229 474
230 243
230 256
230 266
230 286
230 335
230 368
230 425
230 466
231 232
231 259
231 270
231 309
231 371
231 418
231 429
231 486
232 259
232 309
232 371
232 418
232 429
232 486
233 430
234 257
234 341
234 357
234 398
234 419
234 421
234 480
234 494
234 496
235 242
235 261
235 344
235 490
236 320
236 343
236 345
236 482
237 258
237 322
237 331
237 340
237 344
237 409
237 454
238 267
238 329
238 385
238 390
238 420
238 452
239 302
239 395
240 349
240 351
240 411
240 428
240 437
240 456
240 460
241 277
241 365
241 383
241 412
241 423
241 458
241 495
242 331
242 490
243 256
243 286
243 303
243 306
243 354
244 252
244 257
244 291
244 357
244 393
244 397
244 421
244 480
245 297
245 318
246 314
246 346
246 377
246 441
246 444
246 465
246 475
247 369
247 490
248 284
248 336
248 427
248 471
249 323
249 334
249 387
249 424
249 443
250 312
250 360
250 374
250 382
250 391
250 398
250 400
250 447
251 361
251 402
251 478
251 488
252 291
252 393
252 397
252 406
252 416
253 323
253 334
253 352
253 387
253 412
253 458
254 358
254 375
254 386
254 404
254 405
254 422
254 462
255 262
255 365
255 383
255 459
255 484
255 493
255 495
256 258
256 286
256 381
256 425
256 466
257 341
257 357
257 397
257 421
257 480
258 288
258 322
258 344
258 381
258 409
258 425
259 274
259 275
259 371
259 418
259 479
260 302
260 376
260 395
260 469
261 344
262 299
262 459
262 493
262 495
263 295
263 363
263 379
263 384
263 394
263 453
263 492
263 499
264 329
264 385
264 388
264 414
264 420
264 452
265 285
265 302
265 314
265 346
265 377
265 395
265 444
265 451
265 463
266 286
266 335
266 368
266 445
266 466
267 390
267 489
268 316
268 326
268 338
268 359
268 363
268 384
268 410
269 300
269 333
269 345
269 380
269 415
269 417
269 435
269 474
270 371
270 403
270 470
271 273
271 392
271 461
272 364
272 431
272 438
273 301
273 392
273 430
274 275
274 303
274 349
274 354
274 449
274 470
274 479
275 449
275 470
275 479
276 278
276 337
276 358
276 407
276 462
276 472
277 365
277 383
277 423
277 493
277 495
278 358
278 376
278 407
278 465
278 469
278 472
278 485
279 294
279 325
279 473
280 311
280 370
280 378
280 404
280 422
280 427
280 440
281 313
281 316
281 374
281 419
281 426
281 439
282 283
282 315
282 356
283 356
284 336
284 427
284 471
285 347
285 372
285 438
285 444
285 451
285 463
286 335
286 368
286 425
286 466
287 369
288 322
288 344
288 367
288 381
288 408
288 409
288 498
289 321
289 332
289 461
289 467
289 476
289 483
290 298
290 348
290 455
292 293
292 353
292 373
292 396
292 413
293 373
293 448
294 473
295 339
295 342
295 399
295 492
295 499
296 308
296 310
296 312
296 360
296 374
296 391
296 400
297 342
298 348
298 455
299 366
300 305
300 333
300 380
300 413
300 415
300 417
300 435
300 474
301 389
301 392
301 433
301 468
302 376
302 395
303 306
303 318
303 354
303 449
304 330
305 345
305 415
305 417
306 354
306 362
306 408
306 498
307 379
307 394
307 436
307 453
307 492
308 312
308 360
308 374
308 391
308 400
308 447
309 366
309 418
309 429
309 450
309 486
310 426
311 319
311 370
311 375
311 378
311 404
311 440
311 446
312 360
312 374
312 391
312 400
312 447
313 316
313 374
313 426
313 439
313 447
314 346
314 377
314 444
314 451
314 463
314 475
315 356
315 481
316 326
316 338
316 359
316 363
316 384
316 410
316 426
316 439
317 351
317 402
317 428
317 456
317 460
317 478
317 488
318 354
318 437
319 440
319 446
320 343
320 345
320 482
321 400
321 461
321 467
322 340
322 344
322 381
322 409
322 425
323 334
323 387
323 424
323 443
324 429
324 486
325 348
325 455
325 473
326 337
326 338
326 359
326 363
326 384
326 410
327 364
327 432
327 444
327 445
327 451
327 475
327 487
328 399
328 441
328 491
329 385
329 388
329 414
329 420
329 452
330 355
331 454
332 467
332 476
332 483
332 489
333 352
333 380
333 387
333 435
333 474
334 352
334 387
334 412
334 458
335 368
335 425
335 432
335 445
335 466
335 487
336 427
336 440
336 471
337 363
337 407
337 472
337 499
338 359
338 363
338 384
338 410
338 426
338 439
339 342
339 453
339 492
340 409
340 425
340 431
340 432
340 445
340 454
341 357
341 421
341 480
341 494
341 496
342 453
343 345
343 482
344 367
344 381
344 408
344 498
345 415
345 457
345 482
346 377
346 444
346 451
346 463
346 475
347 372
347 438
348 455
349 411
349 449
349 479
350 393
350 397
350 416
350 419
351 428
351 437
351 456
351 460
351 488
352 387
352 435
352 474
353 413
353 417
353 424
354 449
356 481
357 397
357 421
357 480
358 386
358 405
358 407
358 422
358 462
358 472
358 485
359 363
359 379
359 384
359 394
359 410
359 426
360 374
360 382
360 391
360 400
360 447
361 402
361 478
361 488
362 367
362 403
362 408
362 498
363 379
363 384
363 394
363 410
363 492
363 499
364 444
364 451
364 475
364 487
365 383
365 412
365 423
365 458
365 493
365 495
366 450
366 484
366 486
367 381
367 408
367 498
368 466
369 477
370 378
370 404
370 405
370 422
370 440
371 429
371 486
372 438
374 382
374 391
374 400
374 426
374 447
375 386
375 404
375 406
375 446
375 462
376 465
376 469
376 485
377 441
377 444
377 475
378 405
378 422
378 427
378 440
379 384
379 394
379 410
379 436
379 453
379 492
380 415
380 435
380 474
381 408
381 409
381 498
382 398
382 447
383 423
383 493
383 495
384 394
384 410
385 388
385 414
385 420
385 452
386 404
386 405
386 422
386 462
386 485
387 417
387 424
387 435
387 474
388 414
388 420
388 452
389 433
389 442
389 468
390 457
390 489
391 400
391 447
392 430
393 397
393 416
393 419
393 480
394 436
394 453
394 492
396 448
396 464
397 421
397 480
398 447
398 496
399 441
399 491
399 499
400 447
402 478
402 488
403 470
404 405
404 422
404 462
405 422
405 485
406 416
406 446
407 462
407 469
407 472
407 485
408 498
409 425
410 426
412 423
412 458
413 417
413 424
413 435
413 474
414 420
414 452
415 435
415 482
417 424
417 435
417 474
418 450
418 479
420 452
421 480
421 494
421 496
423 458
424 435
424 474
425 432
425 445
425 466
426 439
427 440
427 471
428 437
428 456
428 460
429 486
431 454
432 445
432 487
433 442
433 468
435 474
436 453
436 478
437 460
438 451
440 446
441 465
441 469
441 491
442 468
443 459
443 484
444 451
444 463
444 475
445 487
448 456
448 464
448 488
449 470
449 479
451 463
451 475
453 492
456 460
456 464
456 488
457 482
459 484
461 467
463 475
464 488
465 469
465 472
465 491
467 476
467 483
469 472
469 485
472 485
475 487
476 483
476 489
478 488
492 499
493 495
494 496
494 497
496 497
