0 75
0 86
0 115
0 144
0 201
0 291
0 319
1 111
1 131
1 158
1 163
1 206
1 227
1 245
1 318
1 354
2 20
2 56
2 121
2 193
2 217
2 242
2 401
3 112
3 120
3 138
3 166
3 214
3 281
3 313
3 439
4 14
4 29
4 114
4 169
4 280
4 370
4 378
4 427
5 8
5 10
5 94
5 100
5 125
5 375
5 404
5 406
5 416
6 17
6 49
6 57
6 85
6 265
6 285
6 463
7 36
7 61
7 69
7 71
7 135
7 161
7 366
7 443
7 459
7 484
8 54
8 100
8 104
8 119
8 156
8 416
8 462
9 73
9 171
9 190
9 205
9 274
9 275
9 303
9 306
9 362
9 403
9 449
9 470
10 32
10 94
10 100
10 125
10 254
10 311
10 375
10 404
10 406
10 446
11 47
11 107
11 122
11 129
11 178
11 207
11 246
11 314
11 346
11 377
11 444
11 475
12 65
12 104
12 113
12 276
12 278
12 337
12 358
12 407
12 462
12 472
12 485
13 106
13 185
13 396
13 448
13 464
14 87
14 114
14 136
14 169
14 177
14 290
16 38
16 128
16 141
16 235
16 261
17 30
17 49
17 57
17 85
17 168
17 294
17 347
18 87
18 136
18 177
18 290
18 298
18 348
18 455
19 91
19 138
19 162
19 184
19 268
19 316
19 326
19 338
19 359
19 363
19 384
19 410
20 172
20 217
20 401
21 29
21 248
21 284
21 336
21 427
21 440
21 471
22 67
22 92
22 133
22 189
22 211
22 237
22 322
22 331
22 344
22 409
23 106
23 192
23 204
23 212
23 215
23 317
23 351
23 456
23 460
23 488
24 79
24 434
25 59
25 157
25 301
25 389
25 433
25 442
25 468
26 112
26 188
26 194
26 234
26 281
26 382
26 419
27 147
27 150
27 229
27 269
27 333
27 352
27 380
27 435
27 474
28 117
28 195
28 271
29 280
29 311
29 336
29 370
29 378
29 427
29 440
30 85
30 153
30 168
30 208
30 347
30 372
30 438
31 58
31 308
31 312
31 321
31 360
31 391
31 400
32 65
32 70
32 100
32 104
32 113
32 125
32 127
32 186
32 254
32 358
32 375
32 386
32 404
32 462
33 98
33 220
33 241
33 277
33 365
33 383
33 423
33 493
33 495
34 45
34 188
34 194
34 226
34 234
34 244
34 257
34 350
34 357
34 393
34 397
34 419
34 421
34 480
35 134
35 145
35 173
35 213
35 298
36 61
36 69
36 161
36 220
36 255
36 262
36 459
36 493
36 495
37 282
37 283
37 315
37 356
38 67
38 211
38 235
38 344
39 310
39 483
40 62
40 164
40 234
40 341
40 421
40 494
40 496
41 51
41 108
41 143
41 175
41 335
41 340
41 425
41 432
41 445
41 487
42 44
42 48
42 103
42 168
42 279
42 294
42 473
43 99
43 126
43 159
43 198
43 249
43 353
43 387
43 413
43 417
43 424
43 474
44 48
44 103
44 168
44 279
44 294
44 473
45 90
45 105
45 112
45 156
45 188
45 194
45 226
45 350
45 393
45 397
45 416
46 102
46 155
46 330
46 431
47 77
47 129
47 132
47 246
47 377
47 441
47 465
47 469
47 491
48 103
48 279
48 294
48 473
49 57
49 85
49 153
49 265
49 285
49 463
50 95
50 99
50 126
50 148
50 159
50 180
50 181
50 292
50 353
50 373
50 413
51 107
51 108
51 143
51 165
51 175
51 327
51 432
51 445
51 487
52 73
52 171
52 306
52 362
52 367
52 408
52 498
53 66
53 68
53 98
53 110
53 196
53 365
53 412
53 423
53 458
54 119
54 138
54 156
54 184
55 72
55 185
55 251
55 361
55 402
55 488
56 80
56 121
56 172
56 176
56 193
56 247
56 401
57 85
57 142
57 265
57 285
57 395
57 463
58 225
58 289
58 321
58 461
58 467
59 157
59 301
59 389
59 433
59 442
59 468
60 272
60 364
60 431
60 438
61 69
61 161
61 255
61 262
61 299
61 459
62 164
62 234
62 341
62 398
62 494
62 496
63 81
63 264
63 329
63 385
63 388
63 414
63 420
63 452
64 83
64 88
64 315
64 481
65 104
65 113
65 127
65 186
65 254
65 358
65 386
65 407
65 462
65 472
65 485
66 68
66 98
66 110
66 154
66 196
66 253
66 334
66 412
66 458
67 211
67 235
67 237
67 288
67 344
68 196
68 253
68 334
68 412
68 458
69 71
69 135
69 161
69 255
69 459
69 484
70 113
70 127
70 186
70 254
70 358
70 370
70 386
70 404
70 405
70 422
70 485
71 137
71 366
71 443
71 459
71 484
72 204
72 251
72 361
72 402
72 478
72 488
73 171
73 202
73 362
74 149
74 219
74 273
74 392
74 430
75 86
75 244
75 252
75 291
75 397
76 174
76 324
76 429
76 486
77 129
77 182
77 278
77 399
77 441
77 465
77 469
77 491
78 103
78 146
78 210
78 325
78 348
78 455
79 434
80 121
80 160
80 176
80 193
80 247
80 369
80 477
81 191
81 238
81 267
81 390
82 179
82 221
82 457
82 482
83 88
83 481
84 141
84 167
84 261
84 282
84 283
84 434
85 153
85 285
85 347
85 463
86 144
86 226
86 244
86 252
86 291
86 397
87 114
87 136
87 169
87 177
87 298
88 202
88 315
88 403
88 481
89 124
89 250
89 382
89 398
89 447
90 105
90 112
90 156
90 194
90 226
90 350
90 393
90 416
90 419
91 93
91 138
91 162
91 268
91 316
91 326
91 338
91 359
91 363
91 384
91 410
92 133
92 189
92 223
92 237
92 242
92 331
92 454
93 276
93 337
93 363
93 499
94 115
94 125
94 201
94 311
94 319
94 375
94 406
94 440
94 446
95 99
95 126
95 159
95 180
95 181
95 228
95 292
95 353
95 413
96 97
96 109
96 259
96 274
96 275
96 418
96 449
96 479
97 274
97 349
97 411
97 449
97 479
98 110
98 161
98 196
98 220
98 241
98 255
98 365
98 383
98 412
98 423
98 458
98 495
99 126
99 150
99 159
99 180
99 181
99 198
99 292
99 353
99 413
99 417
99 424
99 435
99 474
100 125
100 254
100 375
100 404
100 406
100 416
101 148
101 199
101 293
101 373
102 108
102 155
102 189
102 223
102 272
102 340
102 431
102 454
103 139
103 146
103 279
103 294
103 325
103 473
104 113
104 186
104 254
104 358
104 375
104 386
104 404
104 462
105 112
105 119
105 156
105 350
105 393
105 416
106 116
106 192
106 448
106 456
106 464
107 122
107 165
107 175
107 178
107 207
107 327
107 346
107 364
107 444
107 475
107 487
108 143
108 175
108 327
108 340
108 364
108 431
108 432
108 445
109 259
109 274
109 275
109 418
109 449
109 479
110 135
110 154
110 161
110 196
110 255
110 365
110 412
110 458
111 131
111 158
111 163
111 206
111 227
111 243
111 245
111 318
111 354
112 120
112 188
112 194
112 281
112 350
112 393
112 419
113 127
113 186
113 254
113 358
113 386
113 405
113 422
113 462
113 485
114 169
114 378
115 144
115 201
115 319
115 446
116 192
116 199
116 240
116 293
116 411
116 448
117 195
117 264
117 271
117 388
117 414
118 218
118 245
118 297
118 342
119 156
119 184
119 416
120 140
120 166
120 214
120 281
120 313
120 374
120 439
121 172
121 176
121 193
121 247
121 401
122 165
122 328
122 487
123 307
123 436
123 478
124 140
124 214
124 250
124 312
124 360
124 374
124 382
124 391
124 447
125 186
125 254
125 280
125 311
125 370
125 375
125 404
125 422
126 159
126 180
126 181
126 228
126 292
126 353
126 413
126 417
126 424
127 186
127 254
127 358
127 386
127 405
127 422
127 485
128 211
128 261
128 288
128 344
128 367
128 408
128 498
129 182
129 246
129 328
129 377
129 441
129 465
129 491
130 147
130 183
130 228
130 300
130 305
130 417
131 158
131 163
131 218
131 227
131 245
131 297
131 318
132 209
132 246
132 260
132 314
132 376
132 377
132 465
132 469
133 189
133 237
133 258
133 322
133 340
133 409
133 425
134 145
134 173
135 161
135 255
135 459
135 484
136 177
136 200
136 210
136 290
136 298
136 348
136 455
137 309
137 443
137 450
138 162
138 166
138 184
138 268
138 316
138 326
138 338
138 359
138 384
138 410
138 439
139 142
139 239
139 302
139 395
140 214
140 308
140 313
140 360
140 374
140 382
140 391
140 447
141 167
141 261
142 239
142 260
142 302
142 395
143 175
143 335
143 425
143 432
143 445
143 487
144 201
144 291
144 319
144 446
145 173
145 213
146 210
146 325
146 348
146 455
147 150
147 229
147 269
147 300
147 380
147 415
147 417
147 435
147 474
148 292
148 293
148 373
149 219
149 271
149 273
149 392
150 198
150 229
150 269
150 300
150 417
150 435
150 474
151 187
151 304
151 330
152 190
152 203
152 270
152 403
152 470
153 208
153 285
153 347
153 372
153 438
154 196
154 249
154 253
154 323
154 334
154 387
155 223
155 431
155 454
156 350
156 416
157 389
157 433
157 442
157 468
158 230
158 243
158 245
158 256
158 286
158 466
159 180
159 181
159 292
159 353
159 413
159 424
160 176
160 247
160 287
160 369
161 220
161 255
161 459
161 484
162 184
162 268
162 316
162 326
162 338
162 359
162 363
162 384
162 410
163 206
163 227
163 318
163 354
164 234
164 257
164 341
164 357
164 421
164 494
164 496
165 487
166 184
166 214
166 281
166 313
166 316
166 338
166 426
166 439
167 282
167 283
167 434
168 294
169 370
169 378
170 224
170 307
170 339
170 342
170 453
171 205
171 306
171 362
171 367
171 408
171 498
172 401
173 213
174 324
174 429
174 486
175 327
175 340
175 364
175 432
175 445
175 487
176 193
176 247
176 369
177 290
177 298
178 207
178 246
178 265
178 314
178 346
178 377
178 444
178 451
178 463
178 475
179 221
179 457
180 181
180 228
180 292
180 305
180 353
180 396
180 413
180 417
181 228
181 292
181 353
181 396
181 413
182 328
182 399
182 441
182 491
183 236
183 305
183 320
183 343
183 345
183 482
184 268
184 316
184 326
184 439
185 396
185 464
185 488
186 254
186 358
186 375
186 386
186 404
186 462
187 304
187 330
188 194
188 234
188 257
188 350
188 357
188 393
188 397
188 419
188 421
188 480
189 223
189 237
189 331
189 340
189 454
190 203
190 275
190 403
190 470
191 267
191 332
191 390
191 489
192 212
192 240
192 351
192 411
192 428
192 448
192 456
192 460
193 247
193 369
194 234
194 350
194 393
194 397
194 419
194 421
194 480
195 271
195 388
196 253
196 334
196 412
196 458
197 295
197 339
197 342
197 399
197 499
198 229
198 300
198 352
198 387
198 413
198 417
198 424
198 435
198 474
199 293
199 373
199 418
199 479
200 210
200 222
200 290
201 319
201 446
202 362
202 403
202 481
203 270
203 371
203 403
203 470
204 251
204 317
204 351
204 361
204 402
204 478
204 488
205 206
205 243
205 303
205 306
205 354
206 227
206 303
206 318
206 354
207 246
207 314
207 346
207 377
207 444
207 475
208 347
208 372
208 438
209 260
209 376
209 469
209 485
210 290
210 325
210 348
210 455
211 235
211 288
211 344
211 381
212 215
212 240
212 317
212 351
212 428
212 437
212 456
212 460
214 281
214 313
214 374
214 426
214 447
215 317
215 351
215 428
215 460
216 263
216 379
216 394
216 453
216 492
217 355
217 401
218 224
218 245
218 297
218 342
219 273
219 392
220 255
220 277
220 365
220 383
220 493
220 495
221 345
221 415
221 457
221 482
222 239
223 237
223 331
223 340
223 431
223 454
224 245
224 297
224 428
224 437
225 289
225 321
225 461
225 467
226 244
226 252
226 350
226 393
226 397
226 406
226 416
227 303
227 318
227 354
228 305
228 396
229 269
229 300
229 333
229 380
229 417
229 435
229 474
230 256
230 266
230 286
230 335
230 368
230 425
230 466
231 232
231 259
231 371
231 429
231 486
232 371
232 429
232 486
233 430
234 341
234 419
234 421
234 496
235 490
236 320
236 343
236 482
237 322
237 331
237 409
238 267
238 329
238 420
238 452
239 302
239 395
240 349
240 411
240 428
240 437
241 277
241 365
241 383
241 423
242 331
242 490
243 256
243 306
244 252
244 257
244 357
244 397
244 480
245 297
246 314
246 346
246 377
246 441
246 465
247 369
247 490
248 284
248 336
248 427
248 471
249 323
249 387
249 424
250 312
250 360
250 382
250 391
250 398
250 447
251 361
251 402
251 478
251 488
252 291
252 397
252 406
253 334
253 352
253 387
254 358
254 375
254 386
254 404
254 462
255 459
255 493
255 495
256 286
257 341
257 357
257 397
257 421
257 480
258 288
258 322
258 344
258 381
258 409
258 425
259 418
259 479
260 302
260 376
260 395
262 299
262 493
263 363
263 379
263 394
263 453
263 492
264 329
264 385
264 388
264 414
264 420
264 452
265 285
265 314
265 346
265 463
266 286
266 335
266 368
266 466
267 390
268 316
268 326
268 338
268 359
268 363
268 384
268 410
269 300
269 380
269 415
269 435
269 474
270 371
272 364
272 431
273 301
273 392
274 275
274 449
274 479
275 449
275 470
275 479
276 278
276 337
276 407
276 472
277 365
277 383
277 423
277 495
278 358
278 407
278 465
278 469
278 472
278 485
279 294
279 325
279 473
280 311
280 370
280 378
280 440
281 313
281 439
282 283
282 356
284 336
284 427
284 471
285 372
285 438
285 451
285 463
286 335
286 368
286 425
286 466
288 344
288 381
288 408
288 498
289 321
289 332
289 461
289 467
290 348
290 455
292 353
292 373
292 413
293 373
294 473
295 399
295 499
296 308
296 391
296 400
298 455
299 366
300 305
300 415
300 417
300 435
300 474
301 389
301 392
301 468
302 395
303 306
303 354
303 449
304 330
305 417
306 362
306 498
307 436
307 453
308 312
308 360
308 374
308 391
308 400
309 366
309 450
311 319
311 370
311 375
311 404
311 440
311 446
312 360
312 391
312 400
312 447
313 374
313 426
313 439
314 346
314 377
314 444
314 463
314 475
315 481
316 326
316 338
316 359
316 384
316 410
316 426
316 439
317 351
317 428
317 456
317 460
318 354
319 440
319 446
320 343
320 482
321 461
321 467
322 381
322 409
322 425
323 334
323 387
324 429
324 486
325 348
326 338
326 359
326 363
326 384
326 410
327 364
327 432
327 444
327 475
327 487
328 399
328 441
328 491
329 385
329 388
329 414
329 420
329 452
330 355
331 454
332 467
332 476
332 483
332 489
333 352
333 380
333 435
333 474
334 412
334 458
335 368
335 425
335 445
335 466
336 427
336 471
337 407
338 359
338 363
338 384
338 410
338 426
339 342
339 453
340 409
340 432
340 454
341 357
341 421
341 494
341 496
343 482
344 381
345 415
345 482
346 377
346 444
346 463
346 475
347 372
347 438
348 455
349 411
350 393
350 416
350 419
351 428
351 456
351 460
352 387
353 413
353 417
353 424
356 481
357 397
357 421
357 480
358 386
358 407
358 462
358 472
358 485
359 363
359 384
359 410
359 426
360 374
360 391
360 400
360 447
361 402
361 478
362 367
362 498
363 384
363 394
363 410
364 444
364 451
364 475
365 383
365 412
365 423
365 458
365 495
367 408
367 498
368 466
369 477
370 378
370 405
370 422
370 440
371 429
372 438
374 382
374 391
374 447
375 404
375 406
376 469
376 485
377 444
377 475
378 422
379 394
379 453
379 492
380 415
381 408
381 409
381 498
382 398
382 447
383 493
383 495
384 410
385 388
385 414
385 420
385 452
386 404
386 405
386 422
386 485
387 424
387 474
388 414
388 420
388 452
389 433
389 442
389 468
391 400
391 447
392 430
393 397
393 416
393 419
394 453
394 492
396 448
396 464
397 480
398 496
399 441
399 491
402 478
402 488
403 470
404 422
405 422
406 416
407 462
407 472
407 485
408 498
409 425
410 426
412 423
412 458
413 417
413 424
414 420
414 452
417 424
417 435
417 474
418 450
418 479
420 452
421 480
423 458
424 474
425 445
427 471
428 437
428 460
429 486
431 454
432 445
432 487
433 468
435 474
436 453
437 460
440 446
441 465
441 491
442 468
443 484
444 451
444 463
444 475
445 487
448 456
448 464
449 470
451 463
451 475
453 492
456 460
456 464
456 488
457 482
459 484
463 475
464 488
465 469
465 491
467 483
469 472
469 485
472 485
476 483
478 488
493 495
494 496
494 497
